Number of test facts:	1743
2786 9 2492 	 1962 	 2017
Time prediction:	1960	 2020
10674 22 10565 	 2014 	 2015
Time prediction:	2008	 2008
8587 17 6240 	 1999 	 1999
Time prediction:	2002	 2002
8587 17 6240 	 2003 	 2003
Time prediction:	2002	 2002
5730 20 5729 	 2006 	 2006
Time prediction:	1986	 1986
4611 14 3455 	 2015 	 2017
Time prediction:	2015	 2017
5573 17 5572 	 1990 	 1990
Time prediction:	1982	 1982
2970 20 6127 	 2008 	 2008
Time prediction:	2002	 2002
8892 20 9165 	 1987 	 1987
Time prediction:	1995	 1995
7800 17 7806 	 2001 	 2001
Time prediction:	1956	 1956
11716 22 9767 	 2006 	 2008
Time prediction:	2007	 2007
11716 22 9767 	 2012 	 2012
Time prediction:	2007	 2007
1634 15 4983 	 1047 	 2014
Time prediction:	1000	 2014
8074 17 8075 	 1975 	 1975
Time prediction:	2004	 2004
5977 17 5980 	 1994 	 1994
Time prediction:	1996	 1996
4813 14 3437 	 2001 	 2017
Time prediction:	2005	 2010
8541 17 5836 	 1979 	 1979
Time prediction:	1975	 1975
8011 20 6446 	 1999 	 1999
Time prediction:	2003	 2003
8011 20 6446 	 2001 	 2001
Time prediction:	2003	 2003
8011 20 6446 	 2003 	 2003
Time prediction:	2001	 2001
8011 20 6446 	 2004 	 2004
Time prediction:	2002	 2002
8154 20 7092 	 1902 	 1902
Time prediction:	1981	 1981
8154 20 7092 	 1908 	 1908
Time prediction:	1981	 1981
8154 20 7092 	 1912 	 1912
Time prediction:	1981	 1981
8941 17 6797 	 1994 	 1994
Time prediction:	2003	 2003
11194 22 10661 	 2009 	 2010
Time prediction:	1998	 1998
5727 17 8495 	 1987 	 1987
Time prediction:	1964	 1964
5727 17 8495 	 1989 	 1989
Time prediction:	2004	 2004
12230 22 9709 	 2005 	 2006
Time prediction:	2008	 2010
5840 20 9109 	 1990 	 1990
Time prediction:	1994	 1994
4926 14 3509 	 1997 	 2001
Time prediction:	2005	 2010
2402 17 6039 	 1991 	 1991
Time prediction:	2006	 2006
7739 17 7609 	 1983 	 1983
Time prediction:	2005	 2005
1473 1 114 	 1047 	 1974
Time prediction:	1997	 2020
10441 22 9775 	 2008 	 2012
Time prediction:	2004	 2007
6129 20 8509 	 2015 	 2015
Time prediction:	2012	 2012
3839 17 6433 	 1945 	 1945
Time prediction:	2005	 2005
11252 22 10278 	 1974 	 1976
Time prediction:	2004	 2004
7250 20 6706 	 1953 	 1953
Time prediction:	1921	 1921
1311 1 1210 	 1871 	 1920
Time prediction:	2005	 2020
3178 17 5948 	 1921 	 1921
Time prediction:	1943	 1943
3178 17 5948 	 1947 	 1947
Time prediction:	1943	 1943
9958 22 9563 	 2007 	 2008
Time prediction:	2008	 2012
8597 20 6679 	 2001 	 2001
Time prediction:	2004	 2004
7890 20 7301 	 1999 	 1999
Time prediction:	1988	 1988
10899 22 10723 	 1998 	 1998
Time prediction:	2000	 2000
4623 14 4624 	 1989 	 1992
Time prediction:	2005	 2010
8073 20 6969 	 1985 	 1985
Time prediction:	1978	 1978
8817 17 6706 	 1975 	 1975
Time prediction:	1984	 1984
2420 17 2072 	 1985 	 1985
Time prediction:	2005	 2005
7045 17 7548 	 2000 	 2000
Time prediction:	2000	 2000
7785 20 6131 	 1983 	 1983
Time prediction:	1983	 1983
2100 9 2491 	 2008 	 2017
Time prediction:	1992	 2020
9076 20 8236 	 1994 	 1994
Time prediction:	1980	 1980
9076 20 8236 	 2000 	 2000
Time prediction:	1980	 1980
9076 20 8236 	 2004 	 2004
Time prediction:	1980	 1980
5779 17 7074 	 1979 	 1979
Time prediction:	1925	 1925
12121 22 9816 	 1983 	 1983
Time prediction:	1996	 1997
2402 17 7471 	 1982 	 1982
Time prediction:	1996	 1996
4780 14 3539 	 2015 	 2016
Time prediction:	2017	 2020
4811 14 3437 	 2010 	 2017
Time prediction:	2017	 2020
3159 17 5947 	 1949 	 1949
Time prediction:	1971	 1971
3159 17 5947 	 1962 	 1962
Time prediction:	1971	 1971
3159 17 5947 	 1964 	 1964
Time prediction:	1971	 1971
4204 14 3794 	 1997 	 2001
Time prediction:	2005	 2010
7875 17 6566 	 1957 	 1957
Time prediction:	1977	 1977
7756 17 6697 	 1968 	 1968
Time prediction:	2005	 2005
8735 17 5949 	 1944 	 1944
Time prediction:	1982	 1982
4523 14 3473 	 1997 	 2001
Time prediction:	2010	 2015
2726 20 6012 	 1934 	 1934
Time prediction:	1947	 1947
2726 20 6012 	 1935 	 1935
Time prediction:	1998	 1998
5389 17 5370 	 2000 	 2000
Time prediction:	2005	 2005
9179 20 5762 	 1924 	 1924
Time prediction:	1957	 1957
1891 17 6415 	 2000 	 2000
Time prediction:	2012	 2012
8704 20 8705 	 1965 	 1965
Time prediction:	1995	 1995
8704 20 8705 	 1967 	 1967
Time prediction:	1995	 1995
6266 17 6268 	 1903 	 1903
Time prediction:	2005	 2005
6663 20 6664 	 2004 	 2004
Time prediction:	2003	 2003
6663 20 6664 	 2006 	 2006
Time prediction:	1999	 1999
6995 17 6998 	 1944 	 1944
Time prediction:	1944	 1944
8551 17 6064 	 1999 	 1999
Time prediction:	1937	 1937
1912 6 402 	 1919 	 1933
Time prediction:	1871	 1919
9214 20 6012 	 1951 	 1951
Time prediction:	1947	 1947
2089 6 117 	 1707 	 1801
Time prediction:	1801	 1922
7970 20 7780 	 2009 	 2009
Time prediction:	2010	 2010
1359 1 129 	 1790 	 1871
Time prediction:	1790	 1871
857 15 5088 	 1868 	 2008
Time prediction:	1000	 2014
1066 15 4983 	 1047 	 2014
Time prediction:	1000	 2014
11481 22 9931 	 2008 	 2009
Time prediction:	2007	 2008
2760 20 6780 	 1958 	 1958
Time prediction:	1985	 1985
6053 17 8079 	 1980 	 1980
Time prediction:	2010	 2010
6663 20 6674 	 2006 	 2006
Time prediction:	1983	 1983
8708 17 6308 	 1933 	 1933
Time prediction:	1932	 1932
7547 20 6667 	 1988 	 1988
Time prediction:	2007	 2007
7312 17 6257 	 2010 	 2010
Time prediction:	2009	 2009
2664 9 2492 	 1980 	 2017
Time prediction:	1961	 2020
6968 20 6393 	 1973 	 1973
Time prediction:	1972	 1972
6968 20 6393 	 1978 	 1978
Time prediction:	1972	 1972
5403 17 5402 	 1947 	 1947
Time prediction:	2013	 2013
3292 13 3247 	 1980 	 2017
Time prediction:	1966	 2020
6053 17 8097 	 1994 	 1994
Time prediction:	2008	 2008
9819 22 9701 	 2003 	 2007
Time prediction:	2003	 2006
7257 17 7258 	 2005 	 2005
Time prediction:	1932	 1932
1745 17 6276 	 2013 	 2013
Time prediction:	2008	 2008
2404 14 3454 	 2017 	 2017
Time prediction:	2010	 2015
8597 20 8620 	 2002 	 2002
Time prediction:	2004	 2004
12236 22 10632 	 2001 	 2001
Time prediction:	2002	 2002
6661 20 5762 	 1951 	 1951
Time prediction:	1960	 1960
6661 20 5762 	 1955 	 1955
Time prediction:	1960	 1960
4355 17 6657 	 2014 	 2014
Time prediction:	2005	 2005
340 6 405 	 1911 	 1918
Time prediction:	1990	 1990
2613 9 2520 	 1996 	 1996
Time prediction:	2004	 2004
2800 9 2480 	 1931 	 2017
Time prediction:	2002	 2020
3201 17 6373 	 2001 	 2001
Time prediction:	1993	 1993
7921 17 5853 	 1990 	 1990
Time prediction:	1964	 1964
6968 20 6391 	 1978 	 1978
Time prediction:	1977	 1977
6968 20 6391 	 1979 	 1979
Time prediction:	1977	 1977
6350 17 6351 	 1991 	 1991
Time prediction:	1959	 1959
4582 14 3793 	 1923 	 1924
Time prediction:	1846	 1868
4963 17 4312 	 2015 	 2016
Time prediction:	1977	 1977
8481 20 8483 	 2003 	 2003
Time prediction:	2008	 2008
6312 17 6318 	 1998 	 1998
Time prediction:	2002	 2002
8008 20 7092 	 1906 	 1906
Time prediction:	1986	 1986
8008 20 7092 	 1913 	 1913
Time prediction:	1927	 1927
4683 14 3431 	 2002 	 2007
Time prediction:	2007	 2010
4683 14 3431 	 2012 	 2017
Time prediction:	2002	 2005
4737 14 3437 	 1997 	 2017
Time prediction:	2005	 2010
296 1 184 	 1047 	 2014
Time prediction:	2005	 2020
138 15 4973 	 1047 	 2015
Time prediction:	1000	 2014
4737 14 3458 	 2001 	 2005
Time prediction:	2005	 2010
3363 13 3247 	 1970 	 2017
Time prediction:	1988	 2020
7766 20 7342 	 1980 	 1980
Time prediction:	1979	 1979
5756 20 7796 	 1981 	 1981
Time prediction:	1964	 1964
138 15 4971 	 2016 	 2017
Time prediction:	2015	 2020
2910 17 6169 	 1966 	 1966
Time prediction:	2005	 2005
9412 20 6706 	 1920 	 1920
Time prediction:	1921	 1921
7053 17 6008 	 2003 	 2003
Time prediction:	1989	 1989
1463 15 4985 	 2016 	 2017
Time prediction:	1000	 2014
734 15 4977 	 1278 	 2017
Time prediction:	1000	 2014
988 15 4985 	 2007 	 2017
Time prediction:	1000	 2014
765 6 332 	 1917 	 1917
Time prediction:	1946	 1991
8973 17 6782 	 1927 	 1927
Time prediction:	1938	 1938
2428 20 8495 	 2003 	 2003
Time prediction:	2001	 2001
8966 17 6993 	 2016 	 2016
Time prediction:	2005	 2005
8018 20 8019 	 1998 	 1998
Time prediction:	1997	 1997
6312 20 5808 	 2001 	 2001
Time prediction:	2001	 2001
8481 20 9290 	 2004 	 2004
Time prediction:	2008	 2008
3560 14 3529 	 1970 	 1972
Time prediction:	1979	 1981
6032 17 6038 	 1994 	 1994
Time prediction:	2013	 2013
10389 22 10101 	 2017 	 2017
Time prediction:	2007	 2020
1382 1 953 	 1920 	 2017
Time prediction:	1790	 1871
1673 2 1671 	 1959 	 2017
Time prediction:	2003	 2020
8197 20 5762 	 1956 	 1956
Time prediction:	1957	 1957
8689 17 6020 	 2011 	 2011
Time prediction:	2005	 2005
9559 22 9564 	 2001 	 2002
Time prediction:	2002	 2003
3205 20 6012 	 1930 	 1930
Time prediction:	1947	 1947
3205 20 6012 	 1933 	 1933
Time prediction:	1998	 1998
3205 20 6012 	 1934 	 1934
Time prediction:	1947	 1947
1429 6 2107 	 1807 	 1815
Time prediction:	1832	 1916
7439 17 7268 	 1995 	 1995
Time prediction:	1934	 1934
5504 20 6045 	 2009 	 2009
Time prediction:	2009	 2009
5962 20 5971 	 2010 	 2010
Time prediction:	2007	 2007
8872 17 6798 	 1973 	 1973
Time prediction:	2015	 2015
8500 17 6175 	 1937 	 1937
Time prediction:	2012	 2012
2673 9 2491 	 1980 	 2017
Time prediction:	1947	 2020
5919 20 5922 	 1975 	 1975
Time prediction:	2014	 2014
5919 20 5922 	 1977 	 1977
Time prediction:	2014	 2014
4721 14 3948 	 1867 	 1873
Time prediction:	1891	 1896
6121 17 6122 	 1984 	 1984
Time prediction:	2012	 2012
2470 20 7605 	 1981 	 1981
Time prediction:	1986	 1986
7421 17 6561 	 2008 	 2008
Time prediction:	1995	 1995
1278 1 122 	 1790 	 1871
Time prediction:	1871	 2020
7322 17 6685 	 1951 	 1951
Time prediction:	1992	 1992
12108 22 10688 	 1999 	 2003
Time prediction:	2005	 2010
1313 1 129 	 1920 	 2017
Time prediction:	2005	 2020
9228 20 6780 	 1935 	 1935
Time prediction:	1985	 1985
308 15 4971 	 2016 	 2017
Time prediction:	2015	 2020
9015 17 7862 	 1991 	 1991
Time prediction:	1975	 1975
9015 17 7862 	 1998 	 1998
Time prediction:	1975	 1975
6246 17 7697 	 1976 	 1976
Time prediction:	1963	 1963
3698 14 3455 	 2015 	 2017
Time prediction:	2017	 2020
2099 9 2490 	 1945 	 2017
Time prediction:	1961	 2020
7733 17 7734 	 1990 	 1990
Time prediction:	2012	 2012
470 1 125 	 1920 	 2017
Time prediction:	1790	 1871
6053 20 8099 	 2005 	 2005
Time prediction:	2007	 2007
6053 20 8099 	 2006 	 2006
Time prediction:	1982	 1982
2609 15 4969 	 1962 	 2017
Time prediction:	1945	 2020
10674 22 9853 	 2007 	 2007
Time prediction:	2008	 2008
8637 17 5922 	 1979 	 1979
Time prediction:	2004	 2004
7844 17 7843 	 1976 	 1976
Time prediction:	1926	 1926
6663 20 9206 	 2000 	 2000
Time prediction:	2004	 2004
6663 20 9206 	 2007 	 2007
Time prediction:	2007	 2007
754 1 125 	 1920 	 2017
Time prediction:	1790	 1871
7800 17 6825 	 2005 	 2005
Time prediction:	1958	 1958
7083 17 7084 	 2011 	 2011
Time prediction:	1926	 1926
6663 17 6673 	 2000 	 2000
Time prediction:	2001	 2001
11973 22 9816 	 1995 	 1996
Time prediction:	1996	 1997
2674 9 2486 	 1945 	 2017
Time prediction:	1945	 2020
1433 15 4969 	 1945 	 2017
Time prediction:	1945	 2020
8597 20 6664 	 2001 	 2001
Time prediction:	2004	 2004
9036 17 7070 	 1966 	 1966
Time prediction:	1977	 1977
6784 17 6786 	 2007 	 2007
Time prediction:	2011	 2011
6784 17 6786 	 2008 	 2008
Time prediction:	2011	 2011
1893 20 7092 	 1955 	 1955
Time prediction:	1927	 1927
1893 20 7092 	 1960 	 1960
Time prediction:	1927	 1927
8775 17 6538 	 1976 	 1976
Time prediction:	2012	 2012
6350 20 5455 	 1995 	 1995
Time prediction:	1995	 1995
1851 17 5949 	 1971 	 1971
Time prediction:	1982	 1982
3222 17 6078 	 1989 	 1989
Time prediction:	1965	 1965
4807 14 3437 	 1997 	 2015
Time prediction:	2010	 2015
8041 17 7607 	 1982 	 1982
Time prediction:	1982	 1982
6525 22 10689 	 2000 	 2001
Time prediction:	2007	 2010
8876 17 6556 	 1900 	 1900
Time prediction:	1937	 1937
8763 17 6438 	 2001 	 2001
Time prediction:	2005	 2005
3575 14 3526 	 1992 	 1994
Time prediction:	2017	 2020
5395 20 6365 	 1997 	 1997
Time prediction:	2006	 2006
5395 20 6365 	 2000 	 2000
Time prediction:	2006	 2006
5395 20 6365 	 2004 	 2004
Time prediction:	2006	 2006
5678 16 5504 	 2015 	 2015
Time prediction:	1956	 1956
6135 17 5939 	 1966 	 1966
Time prediction:	2002	 2002
6261 17 6373 	 2012 	 2012
Time prediction:	1926	 1926
2 6 2018 	 1941 	 1944
Time prediction:	1990	 1990
5306 15 5021 	 2015 	 2015
Time prediction:	1000	 2014
9065 20 7926 	 2002 	 2002
Time prediction:	2002	 2002
7195 17 6285 	 1998 	 1998
Time prediction:	2004	 2004
2428 20 6469 	 2000 	 2000
Time prediction:	2001	 2001
2428 20 6469 	 2005 	 2005
Time prediction:	2001	 2001
1357 1 953 	 1920 	 2017
Time prediction:	2005	 2020
7384 17 6616 	 1999 	 1999
Time prediction:	2012	 2012
7375 20 6780 	 1936 	 1936
Time prediction:	1985	 1985
8321 17 6001 	 1974 	 1974
Time prediction:	1925	 1925
115 9 2488 	 2002 	 2017
Time prediction:	1966	 2020
8568 17 7122 	 1991 	 1991
Time prediction:	2006	 2006
6348 17 6268 	 1886 	 1886
Time prediction:	2012	 2012
1429 6 2109 	 1047 	 1385
Time prediction:	1832	 1916
446 1 402 	 1919 	 1933
Time prediction:	1949	 1949
7766 20 7903 	 1980 	 1980
Time prediction:	1979	 1979
1368 1 953 	 1790 	 1871
Time prediction:	1790	 1871
6971 20 5984 	 1993 	 1993
Time prediction:	1978	 1978
6971 20 5984 	 2006 	 2006
Time prediction:	1978	 1978
2119 6 2040 	 1946 	 2017
Time prediction:	1990	 1990
3049 17 7092 	 1986 	 1986
Time prediction:	1925	 1925
169 6 2041 	 1949 	 1990
Time prediction:	1933	 1945
7310 17 6786 	 2007 	 2007
Time prediction:	2011	 2011
3331 13 3255 	 1981 	 2017
Time prediction:	1988	 2020
6382 17 5838 	 2008 	 2008
Time prediction:	1932	 1932
6114 17 6115 	 1997 	 1997
Time prediction:	2013	 2013
11097 22 9816 	 1999 	 2000
Time prediction:	1996	 1997
3179 14 3437 	 1997 	 2015
Time prediction:	2010	 2015
5962 20 5967 	 1995 	 1995
Time prediction:	1998	 1998
5962 20 5967 	 2005 	 2005
Time prediction:	1998	 1998
8846 17 6085 	 2002 	 2002
Time prediction:	2004	 2004
8708 17 5949 	 1972 	 1972
Time prediction:	1982	 1982
5425 17 5813 	 1998 	 1998
Time prediction:	2012	 2012
6261 17 6603 	 2000 	 2000
Time prediction:	1992	 1992
8512 20 6162 	 2014 	 2014
Time prediction:	1997	 1997
9061 17 8867 	 2013 	 2013
Time prediction:	2009	 2009
10206 22 9728 	 2005 	 2005
Time prediction:	2004	 2005
4279 17 6093 	 1987 	 1987
Time prediction:	1977	 1977
7372 20 6706 	 1942 	 1942
Time prediction:	1921	 1921
1386 1 129 	 1920 	 2017
Time prediction:	1790	 1871
7269 20 7092 	 1937 	 1937
Time prediction:	1986	 1986
7269 20 7092 	 1943 	 1943
Time prediction:	1927	 1927
7269 20 7092 	 1947 	 1947
Time prediction:	1927	 1927
6289 20 6290 	 1959 	 1959
Time prediction:	1972	 1972
6289 20 6290 	 1977 	 1977
Time prediction:	1973	 1973
8081 20 6816 	 2012 	 2012
Time prediction:	1977	 1977
1092 1 528 	 1047 	 2005
Time prediction:	2005	 2020
6451 20 6047 	 2009 	 2009
Time prediction:	2011	 2011
7443 20 6256 	 2000 	 2000
Time prediction:	2000	 2000
2449 17 7796 	 1982 	 1982
Time prediction:	1934	 1934
7491 20 6706 	 1919 	 1919
Time prediction:	1921	 1921
7491 20 6706 	 1922 	 1922
Time prediction:	1921	 1921
7491 20 6706 	 1924 	 1924
Time prediction:	1921	 1921
6890 17 6067 	 1969 	 1969
Time prediction:	2002	 2002
6164 17 6002 	 1995 	 1995
Time prediction:	2005	 2005
55 0 56 	 2014 	 2014
Time prediction:	1921	 1945
2698 9 2492 	 1967 	 2017
Time prediction:	1955	 2020
6862 17 6864 	 2014 	 2014
Time prediction:	2012	 2012
6663 20 6670 	 1999 	 1999
Time prediction:	2003	 2003
6663 20 6670 	 2001 	 2001
Time prediction:	2003	 2003
1945 6 170 	 1945 	 2017
Time prediction:	1919	 1933
1224 1 129 	 1920 	 2017
Time prediction:	1790	 1871
1424 1 479 	 1885 	 1946
Time prediction:	2005	 2020
7812 17 7092 	 2003 	 2003
Time prediction:	2005	 2005
6698 20 5762 	 1939 	 1939
Time prediction:	1957	 1957
9315 20 7092 	 1921 	 1921
Time prediction:	1981	 1981
9315 20 7092 	 1922 	 1922
Time prediction:	1927	 1927
6694 17 6695 	 1995 	 1995
Time prediction:	2005	 2005
2428 17 6497 	 2011 	 2011
Time prediction:	2008	 2008
5708 16 5460 	 2002 	 2002
Time prediction:	2003	 2003
6968 20 6969 	 1971 	 1971
Time prediction:	1977	 1977
8258 20 6626 	 1999 	 1999
Time prediction:	2000	 2000
8011 20 8014 	 2002 	 2002
Time prediction:	2002	 2002
8011 20 8014 	 2007 	 2007
Time prediction:	2003	 2003
8011 20 8014 	 2009 	 2009
Time prediction:	2003	 2003
6261 17 7019 	 2014 	 2014
Time prediction:	1926	 1926
6684 17 6403 	 1975 	 1975
Time prediction:	1922	 1922
1275 1 129 	 1920 	 2017
Time prediction:	1871	 1920
7516 17 7111 	 2004 	 2004
Time prediction:	1999	 1999
8094 17 8088 	 2010 	 2010
Time prediction:	2010	 2010
12453 22 10008 	 2005 	 2005
Time prediction:	2004	 2005
2778 17 6211 	 1965 	 1965
Time prediction:	1926	 1926
3231 17 7440 	 2007 	 2007
Time prediction:	2012	 2012
12462 22 10978 	 2006 	 2007
Time prediction:	2005	 2005
2024 6 115 	 1972 	 1974
Time prediction:	1990	 1990
2102 6 2104 	 1802 	 1805
Time prediction:	1990	 1990
8011 17 6446 	 2002 	 2002
Time prediction:	2012	 2012
5411 16 5508 	 1986 	 1986
Time prediction:	1985	 1985
8969 17 5987 	 1998 	 1998
Time prediction:	1933	 1933
2846 17 6262 	 1989 	 1989
Time prediction:	1981	 1981
6419 17 6404 	 1999 	 1999
Time prediction:	2004	 2004
6149 20 9175 	 2001 	 2001
Time prediction:	1988	 1988
9084 20 6706 	 1928 	 1928
Time prediction:	1921	 1921
5504 17 5909 	 2011 	 2011
Time prediction:	2009	 2009
5504 17 5909 	 2012 	 2012
Time prediction:	2009	 2009
6663 17 5972 	 1999 	 1999
Time prediction:	1999	 1999
6663 17 5972 	 2000 	 2000
Time prediction:	2006	 2006
8606 17 6123 	 1991 	 1991
Time prediction:	1934	 1934
8593 17 8193 	 2001 	 2001
Time prediction:	1985	 1985
10928 22 9696 	 2013 	 2013
Time prediction:	2010	 2010
623 15 4982 	 1047 	 2014
Time prediction:	1000	 2014
7446 20 6780 	 1915 	 1915
Time prediction:	1985	 1985
7446 20 6780 	 1928 	 1928
Time prediction:	1985	 1985
7446 20 6780 	 1935 	 1935
Time prediction:	1985	 1985
6891 17 6893 	 1998 	 1998
Time prediction:	2005	 2005
4129 17 6417 	 2008 	 2008
Time prediction:	1933	 1933
2030 6 2032 	 1945 	 1992
Time prediction:	1772	 1804
6880 17 8255 	 2002 	 2002
Time prediction:	1977	 1977
2903 17 6304 	 1970 	 1970
Time prediction:	1944	 1944
9958 22 9562 	 2013 	 2014
Time prediction:	2008	 2012
7547 20 7637 	 1987 	 1987
Time prediction:	1984	 1984
7547 20 7637 	 1988 	 1988
Time prediction:	1984	 1984
6663 17 6668 	 1999 	 1999
Time prediction:	2001	 2001
8476 17 6169 	 1987 	 1987
Time prediction:	2005	 2005
8258 17 6040 	 2003 	 2003
Time prediction:	1996	 1996
3201 17 5836 	 1986 	 1986
Time prediction:	1993	 1993
2829 17 4313 	 2010 	 2010
Time prediction:	2013	 2013
1661 1 126 	 1871 	 1920
Time prediction:	2005	 2020
12036 22 10738 	 2001 	 2002
Time prediction:	2008	 2010
1188 1 1142 	 1047 	 1920
Time prediction:	2005	 2020
3006 17 6172 	 2003 	 2003
Time prediction:	2005	 2005
680 1 136 	 2016 	 2017
Time prediction:	1871	 1871
7564 17 6115 	 1975 	 1975
Time prediction:	2012	 2012
6859 17 6860 	 1979 	 1979
Time prediction:	1934	 1934
6255 20 7149 	 1989 	 1989
Time prediction:	1982	 1982
11567 22 9910 	 2010 	 2010
Time prediction:	2010	 2014
7940 20 6290 	 1982 	 1982
Time prediction:	1973	 1973
7940 20 6290 	 1983 	 1983
Time prediction:	1973	 1973
2764 9 2491 	 1977 	 2017
Time prediction:	1947	 2020
8617 17 6240 	 1989 	 1989
Time prediction:	2003	 2003
8617 17 6240 	 1993 	 1993
Time prediction:	2003	 2003
8617 17 6240 	 1999 	 1999
Time prediction:	2002	 2002
7704 17 7092 	 2016 	 2016
Time prediction:	2005	 2005
6989 17 6990 	 1961 	 1961
Time prediction:	1932	 1932
8365 20 6362 	 2005 	 2005
Time prediction:	2012	 2012
8365 20 6362 	 2009 	 2009
Time prediction:	2012	 2012
6884 17 5997 	 1813 	 1813
Time prediction:	2005	 2005
1877 20 6306 	 1973 	 1973
Time prediction:	1976	 1976
6137 20 6139 	 2007 	 2007
Time prediction:	2009	 2009
6137 20 6139 	 2011 	 2011
Time prediction:	2009	 2009
8637 20 5922 	 1978 	 1978
Time prediction:	2004	 2004
8637 20 5922 	 1979 	 1979
Time prediction:	2004	 2004
8637 20 5922 	 1986 	 1986
Time prediction:	2004	 2004
7493 17 7226 	 1983 	 1983
Time prediction:	2005	 2005
10298 22 10300 	 2009 	 2010
Time prediction:	2012	 2013
9819 22 9821 	 2001 	 2001
Time prediction:	2003	 2006
9958 22 9839 	 2008 	 2011
Time prediction:	2008	 2012
6239 17 6240 	 1978 	 1978
Time prediction:	2003	 2003
7890 20 6467 	 2001 	 2001
Time prediction:	1988	 1988
4204 14 3509 	 2010 	 2014
Time prediction:	2005	 2010
2778 20 5762 	 1962 	 1962
Time prediction:	1957	 1957
7054 17 7055 	 2004 	 2004
Time prediction:	2002	 2002
2771 17 6036 	 2010 	 2010
Time prediction:	1977	 1977
6053 20 6054 	 1976 	 1976
Time prediction:	1981	 1981
6053 20 6054 	 1986 	 1986
Time prediction:	1997	 1997
6053 20 6054 	 1989 	 1989
Time prediction:	2007	 2007
2349 20 8103 	 1995 	 1995
Time prediction:	1991	 1991
1858 17 6221 	 1996 	 1996
Time prediction:	2005	 2005
12322 22 10283 	 2006 	 2008
Time prediction:	2001	 2005
7089 20 7513 	 1975 	 1975
Time prediction:	1986	 1986
8288 17 6797 	 1980 	 1980
Time prediction:	2003	 2003
8288 17 6797 	 1982 	 1982
Time prediction:	2002	 2002
4770 14 3437 	 2010 	 2017
Time prediction:	2010	 2015
7419 17 5811 	 2001 	 2001
Time prediction:	1959	 1959
9015 20 7513 	 1983 	 1983
Time prediction:	1988	 1988
8461 17 6260 	 2013 	 2013
Time prediction:	2005	 2005
8637 20 5921 	 1979 	 1979
Time prediction:	1975	 1975
6390 17 6394 	 2004 	 2004
Time prediction:	2005	 2005
7239 17 6943 	 2001 	 2001
Time prediction:	1932	 1932
6796 17 6801 	 2006 	 2006
Time prediction:	2014	 2014
6796 17 6801 	 2007 	 2007
Time prediction:	2014	 2014
6796 17 6801 	 2010 	 2010
Time prediction:	2013	 2013
7873 20 7150 	 1993 	 1993
Time prediction:	1997	 1997
765 6 28 	 1917 	 1922
Time prediction:	1946	 1991
7453 17 7227 	 1987 	 1987
Time prediction:	2005	 2005
8940 20 6706 	 1931 	 1931
Time prediction:	1921	 1921
1847 17 6288 	 2016 	 2016
Time prediction:	2012	 2012
4875 14 3457 	 2005 	 2010
Time prediction:	2001	 2005
6132 20 6717 	 1998 	 1998
Time prediction:	1995	 1995
3178 17 5950 	 1965 	 1965
Time prediction:	1971	 1971
1280 1 129 	 1920 	 2017
Time prediction:	2005	 2020
5442 20 5440 	 2007 	 2007
Time prediction:	2006	 2006
7009 20 7871 	 2011 	 2011
Time prediction:	2013	 2013
2437 17 5722 	 2015 	 2015
Time prediction:	2012	 2012
8587 17 6797 	 1999 	 1999
Time prediction:	2003	 2003
8587 17 6797 	 2003 	 2003
Time prediction:	2002	 2002
5411 16 5531 	 1991 	 1991
Time prediction:	1985	 1985
4648 14 3455 	 2015 	 2017
Time prediction:	2005	 2010
11827 22 10098 	 2008 	 2009
Time prediction:	2001	 2001
1614 1 184 	 1047 	 2014
Time prediction:	2005	 2020
8834 17 7301 	 1950 	 1950
Time prediction:	2005	 2005
6421 17 5836 	 1976 	 1976
Time prediction:	1975	 1975
4785 14 3437 	 1992 	 2015
Time prediction:	2001	 2005
2841 17 6426 	 2004 	 2004
Time prediction:	2012	 2012
6748 20 6749 	 2004 	 2004
Time prediction:	2004	 2004
2979 17 5933 	 1956 	 1956
Time prediction:	1964	 1964
10610 22 9973 	 2004 	 2007
Time prediction:	2014	 2020
7740 20 6780 	 1952 	 1952
Time prediction:	1985	 1985
7740 20 6780 	 1964 	 1964
Time prediction:	1985	 1985
7870 20 6039 	 1977 	 1977
Time prediction:	1977	 1977
5401 17 5399 	 2009 	 2009
Time prediction:	1977	 1977
4000 14 3454 	 2017 	 2017
Time prediction:	2005	 2010
5962 20 5965 	 1995 	 1995
Time prediction:	2014	 2014
5962 20 5965 	 1999 	 1999
Time prediction:	2007	 2007
5962 20 5965 	 2004 	 2004
Time prediction:	2012	 2012
5962 20 5965 	 2005 	 2005
Time prediction:	2014	 2014
6203 17 6204 	 2002 	 2002
Time prediction:	2002	 2002
8006 17 5877 	 1999 	 1999
Time prediction:	2012	 2012
8384 17 6008 	 2000 	 2000
Time prediction:	1989	 1989
6261 17 6606 	 2001 	 2001
Time prediction:	1977	 1977
7663 17 7649 	 2013 	 2013
Time prediction:	2002	 2002
771 6 28 	 1917 	 1922
Time prediction:	1990	 1990
1626 1 125 	 1920 	 2017
Time prediction:	1871	 1920
2157 6 2120 	 1897 	 1946
Time prediction:	1990	 1990
9057 17 6476 	 1994 	 1994
Time prediction:	2005	 2005
7816 20 7767 	 2000 	 2000
Time prediction:	2000	 2000
5720 20 7119 	 2000 	 2000
Time prediction:	1996	 1996
2404 14 3513 	 2015 	 2017
Time prediction:	2010	 2015
6137 20 7007 	 2014 	 2014
Time prediction:	2009	 2009
12137 22 9643 	 2012 	 2013
Time prediction:	2008	 2020
7652 17 6415 	 2007 	 2007
Time prediction:	2002	 2002
11510 22 11511 	 2004 	 2005
Time prediction:	2007	 2008
801 15 4987 	 2017 	 2017
Time prediction:	2009	 2020
9431 20 5762 	 1929 	 1929
Time prediction:	1957	 1957
9431 20 5762 	 1930 	 1930
Time prediction:	1930	 1930
9431 20 5762 	 1932 	 1932
Time prediction:	1957	 1957
8696 17 6720 	 1971 	 1971
Time prediction:	1934	 1934
8799 17 6112 	 2000 	 2000
Time prediction:	1937	 1937
6964 17 6800 	 2013 	 2013
Time prediction:	2007	 2007
6964 17 6800 	 2014 	 2014
Time prediction:	2007	 2007
12472 22 10442 	 2005 	 2009
Time prediction:	2006	 2008
2663 17 5935 	 1916 	 1945
Time prediction:	2012	 2012
6663 20 9177 	 2000 	 2000
Time prediction:	2007	 2007
5708 16 5710 	 2009 	 2009
Time prediction:	2003	 2003
2008 15 4988 	 1804 	 1867
Time prediction:	1000	 2014
8907 20 6180 	 2006 	 2006
Time prediction:	1990	 1990
6407 17 6409 	 2011 	 2011
Time prediction:	1963	 1963
7312 20 7444 	 2010 	 2010
Time prediction:	2010	 2010
279 15 4973 	 1047 	 2015
Time prediction:	1000	 2014
1375 1 1142 	 1871 	 1920
Time prediction:	2005	 2020
6971 20 6763 	 2008 	 2008
Time prediction:	2001	 2001
6046 17 6047 	 2011 	 2011
Time prediction:	1965	 1965
8472 20 7092 	 1938 	 1938
Time prediction:	1927	 1927
8472 20 7092 	 1940 	 1940
Time prediction:	1927	 1927
7522 17 6065 	 1974 	 1974
Time prediction:	2011	 2011
6663 20 9176 	 2003 	 2003
Time prediction:	2003	 2003
6663 20 9176 	 2004 	 2004
Time prediction:	2001	 2001
2402 17 7474 	 1991 	 1991
Time prediction:	1995	 1995
2402 17 7474 	 1993 	 1993
Time prediction:	1995	 1995
7000 17 5948 	 1922 	 1922
Time prediction:	1943	 1943
6995 17 5948 	 1950 	 1950
Time prediction:	1943	 1943
44 6 550 	 1917 	 1919
Time prediction:	1934	 1991
3391 13 3252 	 1987 	 2017
Time prediction:	1990	 2020
3141 17 7418 	 1944 	 1944
Time prediction:	2012	 2012
2691 17 5836 	 1986 	 1986
Time prediction:	1975	 1975
8221 20 8233 	 2005 	 2005
Time prediction:	1977	 1977
6149 20 6151 	 1987 	 1987
Time prediction:	1988	 1988
2762 17 6752 	 1988 	 1988
Time prediction:	2005	 2005
6663 17 6666 	 2002 	 2002
Time prediction:	1999	 1999
8206 17 7868 	 1974 	 1974
Time prediction:	2004	 2004
3655 14 3658 	 1999 	 2000
Time prediction:	2005	 2010
11261 22 9593 	 2006 	 2006
Time prediction:	2009	 2009
9423 20 6706 	 1930 	 1930
Time prediction:	1921	 1921
1148 1 1142 	 1871 	 1920
Time prediction:	2005	 2020
6032 17 5939 	 2009 	 2009
Time prediction:	1991	 1991
2782 9 2492 	 1961 	 2017
Time prediction:	1961	 2020
10031 22 9822 	 2005 	 2005
Time prediction:	2014	 2020
6819 17 6098 	 1998 	 1998
Time prediction:	1977	 1977
4815 14 3473 	 1997 	 2001
Time prediction:	2005	 2010
771 6 29 	 1922 	 1991
Time prediction:	1990	 1990
8441 20 7092 	 1951 	 1951
Time prediction:	1986	 1986
8441 20 7092 	 1954 	 1954
Time prediction:	1986	 1986
8441 20 7092 	 1958 	 1958
Time prediction:	1981	 1981
6053 20 9010 	 1994 	 1994
Time prediction:	1981	 1981
6053 20 9010 	 2006 	 2006
Time prediction:	1991	 1991
7303 17 6366 	 2017 	 2017
Time prediction:	1933	 1933
11261 22 9600 	 2009 	 2009
Time prediction:	2009	 2009
7898 17 7196 	 2006 	 2006
Time prediction:	2005	 2005
1215 1 953 	 1920 	 2017
Time prediction:	1920	 2020
8816 17 6780 	 1986 	 1986
Time prediction:	1977	 1977
7339 20 6815 	 1974 	 1974
Time prediction:	1974	 1974
5671 17 6306 	 1994 	 1994
Time prediction:	1959	 1959
2755 17 6009 	 1981 	 1981
Time prediction:	1977	 1977
3541 17 6029 	 2014 	 2014
Time prediction:	1926	 1926
268 9 2491 	 1992 	 2017
Time prediction:	1992	 2020
6796 17 6805 	 2012 	 2012
Time prediction:	2012	 2012
6796 17 6805 	 2013 	 2013
Time prediction:	2014	 2014
8270 20 6672 	 2007 	 2007
Time prediction:	2007	 2007
2970 17 6127 	 2003 	 2003
Time prediction:	2008	 2008
7772 17 7775 	 2004 	 2004
Time prediction:	2004	 2004
6459 20 7941 	 2005 	 2005
Time prediction:	1994	 1994
1666 1 125 	 1920 	 2017
Time prediction:	1871	 1920
7890 17 7301 	 1985 	 1985
Time prediction:	2005	 2005
5962 17 5971 	 2003 	 2003
Time prediction:	1997	 1997
6053 17 6054 	 1986 	 1986
Time prediction:	1994	 1994
6053 17 6054 	 1993 	 1993
Time prediction:	1998	 1998
6968 20 6392 	 1976 	 1976
Time prediction:	1971	 1971
6968 20 6392 	 1978 	 1978
Time prediction:	1971	 1971
1341 1 953 	 1790 	 1871
Time prediction:	2005	 2020
5712 16 5714 	 1988 	 1988
Time prediction:	2008	 2008
5962 20 5964 	 1999 	 1999
Time prediction:	2010	 2010
5713 17 6066 	 1987 	 1987
Time prediction:	2012	 2012
7890 20 6600 	 1994 	 1994
Time prediction:	1988	 1988
7890 20 8644 	 1991 	 1991
Time prediction:	1988	 1988
7890 20 8644 	 1995 	 1995
Time prediction:	1988	 1988
1851 17 7026 	 1972 	 1972
Time prediction:	2004	 2004
9571 22 9585 	 1990 	 1991
Time prediction:	1995	 2000
100 6 30 	 1047 	 1917
Time prediction:	1846	 1917
5727 17 7791 	 1987 	 1987
Time prediction:	1994	 1994
6053 20 8079 	 1982 	 1982
Time prediction:	1982	 1982
6053 20 8079 	 1990 	 1990
Time prediction:	1993	 1993
2059 6 553 	 969 	 971
Time prediction:	1878	 2020
2094 6 2103 	 1797 	 1802
Time prediction:	1990	 1990
3576 14 3455 	 2015 	 2017
Time prediction:	2015	 2017
11013 22 9999 	 2008 	 2008
Time prediction:	2007	 2011
1302 1 129 	 1920 	 2017
Time prediction:	1871	 1920
25 0 26 	 1918 	 2017
Time prediction:	1931	 1991
2069 6 2018 	 1866 	 2017
Time prediction:	1990	 1990
8413 17 6782 	 1908 	 1908
Time prediction:	2002	 2002
8022 20 5774 	 2002 	 2002
Time prediction:	1993	 1993
5671 17 5841 	 1990 	 1990
Time prediction:	1966	 1966
3093 17 6011 	 1942 	 1942
Time prediction:	1945	 1945
3093 17 6011 	 1953 	 1953
Time prediction:	1945	 1945
5678 16 5687 	 1966 	 1966
Time prediction:	1956	 1956
2822 20 6706 	 1901 	 1901
Time prediction:	1921	 1921
2822 20 6706 	 1906 	 1906
Time prediction:	1921	 1921
5611 16 5617 	 1989 	 1989
Time prediction:	2002	 2002
3503 14 3437 	 1997 	 2017
Time prediction:	2010	 2015
8021 17 6596 	 2004 	 2004
Time prediction:	2005	 2005
3560 14 3437 	 1959 	 1987
Time prediction:	1979	 1981
8124 20 6363 	 2001 	 2001
Time prediction:	1989	 1989
5553 16 2448 	 1980 	 1980
Time prediction:	1985	 1985
6032 20 6040 	 2002 	 2002
Time prediction:	2008	 2008
10206 22 9727 	 2006 	 2012
Time prediction:	2004	 2005
6053 20 8528 	 1994 	 1994
Time prediction:	2007	 2007
5638 17 7799 	 1968 	 1968
Time prediction:	2003	 2003
5712 16 2697 	 2008 	 2008
Time prediction:	2008	 2008
5756 20 6815 	 1964 	 1964
Time prediction:	1964	 1964
5756 20 6815 	 1968 	 1968
Time prediction:	1964	 1964
1877 17 5665 	 1973 	 1973
Time prediction:	2010	 2010
6885 17 6110 	 1930 	 1930
Time prediction:	1977	 1977
11359 22 10723 	 2004 	 2005
Time prediction:	2000	 2000
6796 17 6240 	 2009 	 2009
Time prediction:	2014	 2014
6796 17 6240 	 2010 	 2010
Time prediction:	2012	 2012
6796 17 6240 	 2012 	 2012
Time prediction:	2014	 2014
8943 17 5836 	 1983 	 1983
Time prediction:	1975	 1975
3298 13 3249 	 1966 	 2017
Time prediction:	1966	 2020
6390 20 9170 	 2004 	 2004
Time prediction:	2004	 2004
9072 17 6941 	 1993 	 1993
Time prediction:	1965	 1965
8270 20 6671 	 1994 	 1994
Time prediction:	2004	 2004
2511 14 3711 	 1917 	 1917
Time prediction:	1934	 1934
5667 20 6763 	 1966 	 1966
Time prediction:	1996	 1996
7953 17 7055 	 1990 	 1990
Time prediction:	2005	 2005
1528 1 125 	 1790 	 1871
Time prediction:	1920	 2020
10610 22 9976 	 2007 	 2008
Time prediction:	2014	 2020
6149 17 6152 	 1998 	 1998
Time prediction:	1987	 1987
8782 17 6634 	 1946 	 1946
Time prediction:	2004	 2004
10006 22 10008 	 2000 	 2002
Time prediction:	2004	 2005
3996 14 3454 	 2017 	 2017
Time prediction:	2010	 2015
8126 20 6626 	 1958 	 1958
Time prediction:	1999	 1999
680 1 137 	 1047 	 2015
Time prediction:	2005	 2020
6663 20 6675 	 2007 	 2007
Time prediction:	2010	 2010
6303 17 6304 	 1945 	 1945
Time prediction:	1944	 1944
8126 20 5967 	 1988 	 1988
Time prediction:	1998	 1998
3178 17 5947 	 1945 	 1945
Time prediction:	1971	 1971
7266 17 7140 	 1990 	 1990
Time prediction:	1963	 1963
11898 22 10997 	 2016 	 2017
Time prediction:	2006	 2009
6053 17 9010 	 1994 	 1994
Time prediction:	1991	 1991
3064 17 5950 	 1973 	 1973
Time prediction:	1971	 1971
6663 17 6667 	 1999 	 1999
Time prediction:	1987	 1987
6885 17 6268 	 1938 	 1938
Time prediction:	1926	 1926
9268 20 6706 	 1925 	 1925
Time prediction:	1921	 1921
6186 17 6189 	 1996 	 1996
Time prediction:	1997	 1997
9122 17 5947 	 1989 	 1989
Time prediction:	1971	 1971
115 9 2489 	 1973 	 2017
Time prediction:	1966	 2020
12331 22 10723 	 2001 	 2001
Time prediction:	2000	 2000
4999 15 5000 	 2003 	 2003
Time prediction:	1000	 2014
4618 14 3455 	 2015 	 2017
Time prediction:	2015	 2017
8658 17 6639 	 1946 	 1946
Time prediction:	2004	 2004
10542 22 10278 	 2002 	 2004
Time prediction:	2004	 2004
2970 17 5972 	 2012 	 2012
Time prediction:	1925	 1925
2970 17 5972 	 2013 	 2013
Time prediction:	1977	 1977
9113 20 7513 	 1998 	 1998
Time prediction:	1988	 1988
2074 6 173 	 1866 	 1871
Time prediction:	1933	 1945
2782 9 2486 	 1960 	 2017
Time prediction:	1945	 2020
8522 20 6786 	 2004 	 2004
Time prediction:	2006	 2006
7821 17 7143 	 1999 	 1999
Time prediction:	2012	 2012
1155 1 953 	 1920 	 2017
Time prediction:	1790	 1871
9269 20 6706 	 1917 	 1917
Time prediction:	1921	 1921
9269 20 6706 	 1926 	 1926
Time prediction:	1921	 1921
8126 20 7096 	 1990 	 1990
Time prediction:	1998	 1998
8126 20 7096 	 1997 	 1997
Time prediction:	1998	 1998
7089 20 7860 	 1980 	 1980
Time prediction:	1973	 1973
8423 17 6707 	 2001 	 2001
Time prediction:	2002	 2002
17 6 2044 	 1941 	 1944
Time prediction:	1990	 1990
6929 20 6706 	 1924 	 1924
Time prediction:	1921	 1921
6929 20 6706 	 1929 	 1929
Time prediction:	1921	 1921
6929 20 6706 	 1930 	 1930
Time prediction:	1921	 1921
3032 17 7129 	 1892 	 1892
Time prediction:	1963	 1963
4409 14 3592 	 2013 	 2017
Time prediction:	2015	 2017
7015 17 5972 	 2003 	 2003
Time prediction:	2005	 2005
7015 17 5972 	 2005 	 2005
Time prediction:	2008	 2008
7015 17 5972 	 2007 	 2007
Time prediction:	2005	 2005
7015 17 5972 	 2013 	 2013
Time prediction:	2008	 2008
7312 17 7607 	 2010 	 2010
Time prediction:	2009	 2009
5854 17 5856 	 1973 	 1973
Time prediction:	2002	 2002
7634 17 6067 	 2007 	 2007
Time prediction:	1937	 1937
6053 20 8097 	 1993 	 1993
Time prediction:	1982	 1982
6053 20 8097 	 2005 	 2005
Time prediction:	1982	 1982
9076 20 7862 	 1993 	 1993
Time prediction:	1980	 1980
8011 20 8012 	 1999 	 1999
Time prediction:	2001	 2001
8011 20 8012 	 2004 	 2004
Time prediction:	2001	 2001
8011 20 8012 	 2008 	 2008
Time prediction:	2003	 2003
5720 20 7791 	 1996 	 1996
Time prediction:	1996	 1996
1213 1 1210 	 1871 	 2017
Time prediction:	2005	 2020
675 6 2052 	 1807 	 1813
Time prediction:	1933	 1945
3627 14 3456 	 2010 	 2015
Time prediction:	2017	 2020
4737 14 3456 	 2010 	 2015
Time prediction:	2005	 2010
5629 17 6180 	 2002 	 2002
Time prediction:	2008	 2008
4816 14 3456 	 2010 	 2015
Time prediction:	2017	 2020
8249 17 6707 	 2010 	 2010
Time prediction:	1977	 1977
9237 20 6012 	 1928 	 1928
Time prediction:	1998	 1998
11203 22 10426 	 2002 	 2004
Time prediction:	2004	 2006
1645 1 125 	 1920 	 2017
Time prediction:	1920	 2020
5623 17 6201 	 1984 	 1984
Time prediction:	1981	 1981
7979 17 6197 	 1985 	 1985
Time prediction:	2005	 2005
6246 17 5949 	 1976 	 1976
Time prediction:	1982	 1982
5627 17 8193 	 1986 	 1986
Time prediction:	1985	 1985
2410 17 7556 	 1960 	 1960
Time prediction:	2012	 2012
7777 20 7092 	 1961 	 1961
Time prediction:	1986	 1986
12182 22 10976 	 2011 	 2011
Time prediction:	2010	 2011
7547 20 6668 	 1985 	 1985
Time prediction:	2001	 2001
3144 17 5948 	 1944 	 1944
Time prediction:	1943	 1943
1877 20 5841 	 1981 	 1981
Time prediction:	1976	 1976
5940 17 5941 	 1996 	 1996
Time prediction:	1964	 1964
4749 14 3793 	 1866 	 1868
Time prediction:	1846	 1868
135 18 2004 	 1047 	 2015
Time prediction:	1000	 2015
4844 14 3458 	 2001 	 2005
Time prediction:	2005	 2010
1975 6 2036 	 1919 	 1919
Time prediction:	1946	 2020
6407 17 6408 	 1995 	 1995
Time prediction:	2005	 2005
2597 20 6780 	 1961 	 1961
Time prediction:	1985	 1985
8032 17 6744 	 2000 	 2000
Time prediction:	1932	 1932
44 1 551 	 1941 	 1943
Time prediction:	2005	 2020
2753 14 3450 	 2005 	 2009
Time prediction:	1958	 1990
2074 6 170 	 1945 	 2017
Time prediction:	1933	 1945
8876 17 6685 	 1912 	 1912
Time prediction:	1992	 1992
2584 20 6780 	 1930 	 1930
Time prediction:	1985	 1985
2584 20 6780 	 1934 	 1934
Time prediction:	1985	 1985
2584 20 6780 	 1952 	 1952
Time prediction:	1985	 1985
7906 17 7912 	 2003 	 2003
Time prediction:	1997	 1997
11194 22 10045 	 1999 	 2006
Time prediction:	1998	 1998
8210 20 7092 	 1925 	 1925
Time prediction:	1927	 1927
2141 6 2055 	 1901 	 1814
Time prediction:	1949	 1990
8270 20 6667 	 1983 	 1983
Time prediction:	2007	 2007
9427 20 6780 	 1912 	 1912
Time prediction:	1985	 1985
9427 20 6780 	 1925 	 1925
Time prediction:	1985	 1985
514 15 4982 	 1047 	 2014
Time prediction:	1000	 2014
4910 14 3457 	 2005 	 2010
Time prediction:	2010	 2015
5840 20 7513 	 1977 	 1977
Time prediction:	1988	 1988
5840 20 7513 	 1999 	 1999
Time prediction:	1986	 1986
7800 20 5848 	 1968 	 1968
Time prediction:	2002	 2002
10206 22 9567 	 2012 	 2017
Time prediction:	2004	 2005
8637 17 8638 	 2013 	 2013
Time prediction:	1932	 1932
6796 20 6804 	 2012 	 2012
Time prediction:	1995	 1995
6663 20 6667 	 1999 	 1999
Time prediction:	2001	 2001
5671 17 5665 	 1982 	 1982
Time prediction:	2010	 2010
11917 22 9752 	 2012 	 2013
Time prediction:	2005	 2005
5843 17 6115 	 1997 	 1997
Time prediction:	1977	 1977
5926 20 5927 	 2009 	 2009
Time prediction:	2011	 2011
7431 17 7432 	 2001 	 2001
Time prediction:	1963	 1963
6663 20 6679 	 2001 	 2001
Time prediction:	2007	 2007
6250 17 5931 	 2000 	 2000
Time prediction:	2004	 2004
8904 20 5984 	 2004 	 2004
Time prediction:	1978	 1978
8904 20 5984 	 2008 	 2008
Time prediction:	1978	 1978
8998 20 8852 	 1983 	 1983
Time prediction:	1955	 1955
8998 20 8852 	 1998 	 1998
Time prediction:	1955	 1955
7025 17 7026 	 1957 	 1957
Time prediction:	2012	 2012
2309 20 7808 	 2007 	 2007
Time prediction:	2001	 2001
2349 20 7802 	 1995 	 1995
Time prediction:	1996	 1996
7985 20 5762 	 1934 	 1934
Time prediction:	1960	 1960
7985 20 5762 	 1936 	 1936
Time prediction:	1930	 1930
8626 17 6150 	 1966 	 1966
Time prediction:	2012	 2012
7458 17 6945 	 1959 	 1959
Time prediction:	2012	 2012
5678 16 5694 	 1986 	 1986
Time prediction:	1956	 1956
5678 16 5694 	 1987 	 1987
Time prediction:	1956	 1956
5678 16 5694 	 1988 	 1988
Time prediction:	1954	 1954
1308 1 1210 	 1871 	 1920
Time prediction:	2005	 2020
9819 22 9576 	 2012 	 2017
Time prediction:	2003	 2006
6053 20 8096 	 1985 	 1985
Time prediction:	1981	 1981
6053 20 8096 	 1995 	 1995
Time prediction:	2007	 2007
6053 20 8096 	 2007 	 2007
Time prediction:	1991	 1991
6995 17 6601 	 1943 	 1943
Time prediction:	1980	 1980
6995 17 6601 	 1978 	 1978
Time prediction:	1980	 1980
2665 15 4969 	 1999 	 2017
Time prediction:	1945	 2020
8443 20 7278 	 1982 	 1982
Time prediction:	1974	 1974
6402 17 6375 	 1994 	 1994
Time prediction:	2002	 2002
3617 14 3619 	 1980 	 1983
Time prediction:	1983	 1987
4563 14 3423 	 2007 	 2011
Time prediction:	2010	 2016
8275 17 7021 	 1997 	 1997
Time prediction:	2012	 2012
8579 20 8580 	 2004 	 2004
Time prediction:	1995	 1995
12160 22 9851 	 2011 	 2012
Time prediction:	2008	 2020
3852 14 3648 	 1974 	 1974
Time prediction:	1924	 1931
8943 17 6426 	 2011 	 2011
Time prediction:	2012	 2012
7372 20 7092 	 1966 	 1966
Time prediction:	1927	 1927
2298 17 6153 	 1976 	 1976
Time prediction:	2010	 2010
6968 17 6391 	 1972 	 1972
Time prediction:	1977	 1977
6968 17 6391 	 1978 	 1978
Time prediction:	1975	 1975
9090 20 7092 	 1940 	 1940
Time prediction:	1986	 1986
9090 20 7092 	 1945 	 1945
Time prediction:	1981	 1981
12472 22 10648 	 2006 	 2006
Time prediction:	2006	 2008
2978 20 6706 	 1903 	 1903
Time prediction:	1921	 1921
2673 9 2486 	 1978 	 2017
Time prediction:	1945	 2020
277 1 125 	 1920 	 2017
Time prediction:	1790	 1871
5840 20 5841 	 1988 	 1988
Time prediction:	1977	 1977
6451 17 6047 	 2009 	 2009
Time prediction:	1965	 1965
8835 17 7461 	 2007 	 2007
Time prediction:	1925	 1925
1175 1 953 	 1920 	 2017
Time prediction:	1790	 1871
7089 20 6306 	 1965 	 1965
Time prediction:	1973	 1973
7089 20 6306 	 1971 	 1971
Time prediction:	1973	 1973
8030 20 6352 	 2010 	 2010
Time prediction:	1994	 1994
8006 17 6752 	 1989 	 1989
Time prediction:	2005	 2005
7509 17 7510 	 2008 	 2008
Time prediction:	1918	 1918
5928 17 5929 	 1992 	 1992
Time prediction:	1986	 1986
8573 20 7092 	 1910 	 1910
Time prediction:	1927	 1927
8573 20 7092 	 1918 	 1918
Time prediction:	1981	 1981
1877 20 7513 	 1974 	 1974
Time prediction:	1976	 1976
4909 14 3455 	 2015 	 2017
Time prediction:	2017	 2020
9015 17 6764 	 1990 	 1990
Time prediction:	1965	 1965
8312 17 6985 	 2007 	 2007
Time prediction:	1933	 1933
7891 17 5836 	 1987 	 1987
Time prediction:	1975	 1975
8494 20 6780 	 1950 	 1950
Time prediction:	1985	 1985
11892 22 9769 	 1998 	 1998
Time prediction:	2009	 2010
11545 22 9938 	 2007 	 2009
Time prediction:	2008	 2008
1332 1 129 	 1920 	 2017
Time prediction:	1871	 1920
2750 9 2493 	 1989 	 2017
Time prediction:	1966	 2020
8577 17 6067 	 1971 	 1971
Time prediction:	2002	 2002
8661 17 7817 	 2014 	 2014
Time prediction:	2005	 2005
7547 20 6664 	 1985 	 1985
Time prediction:	2007	 2007
7630 20 7092 	 1963 	 1963
Time prediction:	1927	 1927
11358 22 9822 	 1992 	 1992
Time prediction:	2014	 2020
1891 17 7088 	 2009 	 2009
Time prediction:	2002	 2002
9016 17 5939 	 2001 	 2001
Time prediction:	2004	 2004
7497 20 6780 	 1935 	 1935
Time prediction:	1985	 1985
9068 20 7150 	 2004 	 2004
Time prediction:	1992	 1992
8202 20 7478 	 1982 	 1982
Time prediction:	1982	 1982
6663 17 6670 	 2001 	 2001
Time prediction:	1983	 1983
7195 17 7196 	 1991 	 1991
Time prediction:	2013	 2013
2135 6 550 	 1919 	 1919
Time prediction:	1804	 1867
8846 17 6107 	 1997 	 1997
Time prediction:	2013	 2013
11949 22 10978 	 2003 	 2005
Time prediction:	2005	 2005
6390 20 5970 	 2004 	 2004
Time prediction:	2004	 2004
6390 20 5970 	 2005 	 2005
Time prediction:	2004	 2004
55 0 59 	 1945 	 1991
Time prediction:	1921	 1945
6032 20 6038 	 2013 	 2013
Time prediction:	2003	 2003
1323 1 129 	 1790 	 1871
Time prediction:	1920	 2020
4875 14 3455 	 2015 	 2017
Time prediction:	2001	 2005
2778 17 7494 	 1965 	 1965
Time prediction:	1977	 1977
9011 17 6639 	 1947 	 1947
Time prediction:	2012	 2012
2003 6 332 	 1917 	 1917
Time prediction:	1990	 1990
5786 17 7074 	 2000 	 2000
Time prediction:	2012	 2012
8126 20 6825 	 1977 	 1977
Time prediction:	1998	 1998
7031 17 7039 	 1985 	 1985
Time prediction:	2012	 2012
2698 9 2486 	 1977 	 2017
Time prediction:	1945	 2020
8870 17 5838 	 2009 	 2009
Time prediction:	1986	 1986
8147 20 7092 	 1948 	 1948
Time prediction:	1927	 1927
8147 20 7092 	 1949 	 1949
Time prediction:	1986	 1986
2751 9 2476 	 1978 	 2017
Time prediction:	1832	 2020
5441 20 6280 	 2008 	 2008
Time prediction:	2006	 2006
5441 20 6280 	 2012 	 2012
Time prediction:	2006	 2006
6295 17 6593 	 2016 	 2016
Time prediction:	1959	 1959
10869 22 10359 	 2014 	 2015
Time prediction:	2001	 2001
7083 17 5947 	 1978 	 1978
Time prediction:	1971	 1971
7083 17 5947 	 1980 	 1980
Time prediction:	1971	 1971
12045 22 10760 	 2010 	 2010
Time prediction:	2006	 2008
6784 20 6786 	 2009 	 2009
Time prediction:	2012	 2012
6784 20 6786 	 2010 	 2010
Time prediction:	2012	 2012
6784 20 6786 	 2013 	 2013
Time prediction:	2012	 2012
7273 17 6217 	 1999 	 1999
Time prediction:	1926	 1926
8837 20 6671 	 2005 	 2005
Time prediction:	2006	 2006
2402 20 7132 	 1984 	 1984
Time prediction:	1994	 1994
8239 20 6326 	 2013 	 2013
Time prediction:	2016	 2016
8692 17 6582 	 1988 	 1988
Time prediction:	2013	 2013
4886 14 3711 	 1913 	 1914
Time prediction:	1934	 1934
2099 9 2496 	 1985 	 2017
Time prediction:	1961	 2020
7800 20 8127 	 2012 	 2012
Time prediction:	2001	 2001
9365 20 6012 	 1951 	 1951
Time prediction:	1998	 1998
9365 20 6012 	 1959 	 1959
Time prediction:	1947	 1947
9365 20 6012 	 1963 	 1963
Time prediction:	1998	 1998
9365 20 6012 	 1967 	 1967
Time prediction:	1947	 1947
6716 20 6717 	 1994 	 1994
Time prediction:	1994	 1994
8032 20 6815 	 1999 	 1999
Time prediction:	1990	 1990
8581 17 6292 	 1976 	 1976
Time prediction:	2012	 2012
7443 20 7607 	 2000 	 2000
Time prediction:	1986	 1986
7906 17 7911 	 2012 	 2012
Time prediction:	2005	 2005
4639 14 3707 	 2015 	 2017
Time prediction:	1999	 2003
7679 17 6655 	 2000 	 2000
Time prediction:	2005	 2005
3567 14 3557 	 2005 	 2006
Time prediction:	1998	 1999
8081 20 8086 	 2013 	 2013
Time prediction:	2012	 2012
8428 17 6023 	 1953 	 1953
Time prediction:	2005	 2005
4000 14 3455 	 2015 	 2017
Time prediction:	2005	 2010
5713 17 5712 	 1984 	 1984
Time prediction:	1983	 1983
11212 22 10426 	 2004 	 2006
Time prediction:	1997	 2002
2404 14 3619 	 1995 	 1996
Time prediction:	2010	 2015
2121 6 402 	 1919 	 1933
Time prediction:	1871	 1919
1861 17 5957 	 2016 	 2016
Time prediction:	2005	 2005
5919 17 5923 	 1976 	 1976
Time prediction:	1976	 1976
10928 22 10040 	 2012 	 2013
Time prediction:	2010	 2010
8081 20 8328 	 2012 	 2012
Time prediction:	2012	 2012
9377 20 5762 	 1961 	 1961
Time prediction:	1957	 1957
1885 17 5992 	 1973 	 1973
Time prediction:	2005	 2005
8239 20 6039 	 2013 	 2013
Time prediction:	2012	 2012
8974 20 7473 	 1980 	 1980
Time prediction:	1995	 1995
11898 22 11003 	 2013 	 2014
Time prediction:	2006	 2009
4409 14 3454 	 2017 	 2017
Time prediction:	2015	 2017
335 1 336 	 2015 	 2017
Time prediction:	2005	 2020
2507 20 5762 	 1949 	 1949
Time prediction:	1957	 1957
7447 20 6780 	 1936 	 1936
Time prediction:	1985	 1985
7447 20 6780 	 1942 	 1942
Time prediction:	1985	 1985
8011 20 8013 	 2001 	 2001
Time prediction:	2003	 2003
8011 20 8013 	 2002 	 2002
Time prediction:	2002	 2002
3262 21 9434 	 1406 	 1420
Time prediction:	1903	 1903
8011 20 9326 	 2007 	 2007
Time prediction:	2003	 2003
462 1 125 	 1790 	 1871
Time prediction:	1920	 2020
2071 6 26 	 1991 	 2017
Time prediction:	1917	 1922
8796 17 6096 	 1971 	 1971
Time prediction:	1937	 1937
8105 20 7605 	 1995 	 1995
Time prediction:	1986	 1986
7790 17 6160 	 1992 	 1992
Time prediction:	1977	 1977
19 6 2009 	 1867 	 1918
Time prediction:	1918	 2020
7835 20 7770 	 2001 	 2001
Time prediction:	2000	 2000
8258 17 8264 	 1998 	 1998
Time prediction:	1996	 1996
10873 22 9637 	 2015 	 2017
Time prediction:	2006	 2008
5919 17 5922 	 1976 	 1976
Time prediction:	1976	 1976
8896 20 6717 	 1984 	 1984
Time prediction:	1982	 1982
8125 17 7678 	 1996 	 1996
Time prediction:	1932	 1932
1168 1 953 	 1790 	 1871
Time prediction:	1920	 2020
3243 17 5493 	 2009 	 2009
Time prediction:	1963	 1963
8180 20 8328 	 1996 	 1996
Time prediction:	2012	 2012
2135 6 2008 	 1815 	 1867
Time prediction:	1804	 1867
7294 20 6760 	 1955 	 1955
Time prediction:	1955	 1955
5756 17 6815 	 1968 	 1968
Time prediction:	1977	 1977
6796 20 6805 	 2005 	 2005
Time prediction:	2004	 2004
3243 17 5904 	 2009 	 2009
Time prediction:	1965	 1965
381 1 405 	 1871 	 2017
Time prediction:	2005	 2020
12144 22 10644 	 1993 	 1994
Time prediction:	2010	 2011
959 1 948 	 1968 	 1993
Time prediction:	2005	 2020
665 1 642 	 1927 	 2005
Time prediction:	2005	 2020
5790 17 6322 	 1982 	 1982
Time prediction:	1991	 1991
1082 1 666 	 2016 	 2017
Time prediction:	1000	 2005
2646 20 6706 	 1951 	 1951
Time prediction:	1921	 1921
2646 20 6706 	 1952 	 1952
Time prediction:	1921	 1921
8674 20 9199 	 2005 	 2005
Time prediction:	2004	 2004
3166 17 5947 	 1984 	 1984
Time prediction:	1971	 1971
6312 17 5909 	 2003 	 2003
Time prediction:	2009	 2009
9058 17 5934 	 2003 	 2003
Time prediction:	1959	 1959
8985 17 6476 	 1977 	 1977
Time prediction:	1937	 1937
2682 17 5819 	 1955 	 1955
Time prediction:	2005	 2005
7086 17 7088 	 2005 	 2005
Time prediction:	2002	 2002
9024 17 6635 	 1977 	 1977
Time prediction:	1977	 1977
6663 20 6669 	 2004 	 2004
Time prediction:	2001	 2001
6340 20 7862 	 1992 	 1992
Time prediction:	1980	 1980
3348 21 9434 	 1930 	 1931
Time prediction:	1903	 1903
1894 17 7143 	 1967 	 1967
Time prediction:	2012	 2012
3200 17 5817 	 1885 	 1885
Time prediction:	2012	 2012
7203 17 6685 	 1890 	 1890
Time prediction:	1992	 1992
8105 17 7150 	 1995 	 1995
Time prediction:	1918	 1918
69 1 74 	 1930 	 1944
Time prediction:	1727	 1927
3053 17 7084 	 2011 	 2011
Time prediction:	2004	 2004
637 15 4983 	 1047 	 2014
Time prediction:	1000	 2014
354 1 126 	 1871 	 1920
Time prediction:	2005	 2020
6663 20 6673 	 2000 	 2000
Time prediction:	2001	 2001
9024 17 6074 	 1974 	 1974
Time prediction:	1965	 1965
7835 17 7817 	 2000 	 2000
Time prediction:	2014	 2014
2767 15 4969 	 1955 	 2017
Time prediction:	1945	 2020
6891 17 6012 	 2006 	 2006
Time prediction:	2000	 2000
8126 20 7808 	 1991 	 1991
Time prediction:	2001	 2001
3385 13 3255 	 1995 	 2017
Time prediction:	1988	 2020
7320 17 5722 	 1994 	 1994
Time prediction:	1994	 1994
228 6 2040 	 1870 	 2017
Time prediction:	1990	 1990
8758 17 6285 	 1992 	 1992
Time prediction:	2012	 2012
532 1 491 	 1047 	 2014
Time prediction:	1920	 1920
6137 20 7390 	 2011 	 2011
Time prediction:	2009	 2009
6137 20 7390 	 2014 	 2014
Time prediction:	2009	 2009
588 15 5104 	 1974 	 2017
Time prediction:	1000	 2014
6796 17 6803 	 2013 	 2013
Time prediction:	2013	 2013
142 6 30 	 1812 	 1918
Time prediction:	1990	 1990
12379 22 10632 	 2005 	 2006
Time prediction:	2002	 2002
11917 22 11257 	 2013 	 2013
Time prediction:	2005	 2005
2701 17 7194 	 1999 	 1999
Time prediction:	1926	 1926
12379 22 10723 	 2004 	 2004
Time prediction:	2000	 2000
10935 22 9628 	 2009 	 2012
Time prediction:	2008	 2008
451 15 4983 	 1047 	 2014
Time prediction:	1000	 2014
12490 22 10689 	 2002 	 2007
Time prediction:	2007	 2010
2691 9 2520 	 1983 	 2017
Time prediction:	2004	 2004
8787 20 7808 	 1986 	 1986
Time prediction:	2001	 2001
6663 20 6680 	 2005 	 2005
Time prediction:	2001	 2001
6663 20 6680 	 2008 	 2008
Time prediction:	1999	 1999
2583 9 2476 	 1903 	 2017
Time prediction:	1832	 2020
11099 22 10666 	 2010 	 2010
Time prediction:	2010	 2010
6602 17 6604 	 1992 	 1992
Time prediction:	1926	 1926
11604 22 10976 	 2010 	 2011
Time prediction:	2010	 2011
1190 1 953 	 1790 	 1871
Time prediction:	1871	 1920
5442 20 5808 	 2007 	 2007
Time prediction:	2001	 2001
5722 16 5723 	 1949 	 1949
Time prediction:	1982	 1982
11539 22 9637 	 2006 	 2009
Time prediction:	2006	 2008
6390 20 6394 	 2004 	 2004
Time prediction:	2004	 2004
9371 20 5762 	 1916 	 1916
Time prediction:	1957	 1957
11212 22 9775 	 2002 	 2004
Time prediction:	2004	 2007
11492 22 10666 	 2010 	 2010
Time prediction:	2010	 2010
6663 17 6675 	 2004 	 2004
Time prediction:	2001	 2001
7146 17 5947 	 1979 	 1979
Time prediction:	1971	 1971
7160 17 7161 	 1997 	 1997
Time prediction:	1934	 1934
1081 1 535 	 1047 	 2015
Time prediction:	2005	 2020
6663 20 6676 	 2001 	 2001
Time prediction:	2001	 2001
6663 20 6676 	 2002 	 2002
Time prediction:	1999	 1999
2205 9 2491 	 1982 	 2017
Time prediction:	1980	 2020
2402 20 9180 	 1985 	 1985
Time prediction:	1984	 1984
2735 15 4969 	 1960 	 2017
Time prediction:	1945	 2020
8178 17 7441 	 1972 	 1972
Time prediction:	2005	 2005
10924 22 9558 	 2000 	 2003
Time prediction:	1998	 1999
1657 15 4983 	 1047 	 2014
Time prediction:	1000	 2014
10218 22 9775 	 1999 	 2002
Time prediction:	2004	 2007
6439 17 6375 	 2011 	 2011
Time prediction:	1959	 1959
4614 14 3456 	 2010 	 2015
Time prediction:	2010	 2015
9076 17 6764 	 1996 	 1996
Time prediction:	2012	 2012
2402 20 7473 	 2012 	 2012
Time prediction:	1989	 1989
8281 20 5762 	 1960 	 1960
Time prediction:	1930	 1930
8164 17 5868 	 1994 	 1994
Time prediction:	2005	 2005
10928 22 10848 	 2014 	 2015
Time prediction:	2006	 2007
4888 14 3551 	 2003 	 2007
Time prediction:	1992	 2015
8321 17 5836 	 1966 	 1966
Time prediction:	1975	 1975
3159 17 6011 	 1951 	 1951
Time prediction:	1974	 1974
8962 20 8963 	 2003 	 2003
Time prediction:	2010	 2010
8962 20 8963 	 2008 	 2008
Time prediction:	2008	 2008
5554 17 7301 	 2016 	 2016
Time prediction:	2004	 2004
6255 17 6257 	 1989 	 1989
Time prediction:	1989	 1989
3534 14 3473 	 1997 	 2001
Time prediction:	2001	 2005
11451 22 10885 	 2005 	 2006
Time prediction:	2001	 2002
7368 17 7369 	 1975 	 1975
Time prediction:	1918	 1918
7368 17 7369 	 1982 	 1982
Time prediction:	2005	 2005
5633 17 5766 	 2013 	 2013
Time prediction:	2013	 2013
9044 17 7868 	 1967 	 1967
Time prediction:	2002	 2002
3075 17 6601 	 1980 	 1980
Time prediction:	1980	 1980
6382 17 6188 	 2009 	 2009
Time prediction:	2012	 2012
7790 17 7791 	 1996 	 1996
Time prediction:	1994	 1994
6982 20 7862 	 1996 	 1996
Time prediction:	1980	 1980
1369 1 1210 	 1871 	 1920
Time prediction:	2005	 2020
8560 17 6077 	 2002 	 2002
Time prediction:	2000	 2000
6831 20 6780 	 1903 	 1903
Time prediction:	1985	 1985
6849 20 6547 	 1966 	 1966
Time prediction:	1973	 1973
10871 22 10723 	 2001 	 2003
Time prediction:	2000	 2000
9037 17 6800 	 1995 	 1995
Time prediction:	2007	 2007
1303 1 122 	 1790 	 1871
Time prediction:	1871	 1920
5667 20 7513 	 1978 	 1978
Time prediction:	1983	 1983
7930 20 7808 	 1998 	 1998
Time prediction:	2001	 2001
11272 22 9865 	 1998 	 1999
Time prediction:	2007	 2009
11917 22 9926 	 2008 	 2012
Time prediction:	2005	 2005
8156 17 7092 	 1986 	 1986
Time prediction:	2005	 2005
6663 17 6674 	 2003 	 2003
Time prediction:	2001	 2001
7800 20 8328 	 2005 	 2005
Time prediction:	2001	 2001
6964 17 6201 	 2006 	 2006
Time prediction:	1981	 1981
455 1 125 	 1920 	 2017
Time prediction:	2005	 2020
3166 17 6617 	 1980 	 1980
Time prediction:	1926	 1926
10267 22 9628 	 2008 	 2008
Time prediction:	2008	 2008
8899 17 5831 	 2015 	 2015
Time prediction:	1926	 1926
8004 20 7097 	 2009 	 2009
Time prediction:	2012	 2012
9009 17 7066 	 2000 	 2000
Time prediction:	2005	 2005
9351 20 5762 	 1937 	 1937
Time prediction:	1960	 1960
3141 17 5949 	 1945 	 1945
Time prediction:	1982	 1982
1079 15 4982 	 1047 	 2014
Time prediction:	1000	 2014
8438 20 6780 	 1930 	 1930
Time prediction:	1985	 1985
396 1 323 	 1047 	 1880
Time prediction:	2005	 2020
7065 17 7066 	 1979 	 1979
Time prediction:	2012	 2012
607 15 4990 	 1871 	 2017
Time prediction:	1000	 2014
8585 17 5992 	 1981 	 1981
Time prediction:	2012	 2012
4608 20 6012 	 1938 	 1938
Time prediction:	1947	 1947
1585 1 159 	 1968 	 2017
Time prediction:	2005	 2020
8941 17 6800 	 1987 	 1987
Time prediction:	2007	 2007
9348 20 6012 	 1907 	 1907
Time prediction:	1998	 1998
9348 20 6012 	 1908 	 1908
Time prediction:	1947	 1947
8929 17 6752 	 1962 	 1962
Time prediction:	1926	 1926
690 1 507 	 1047 	 2014
Time prediction:	2005	 2020
6431 17 6434 	 1987 	 1987
Time prediction:	1959	 1959
9065 20 9362 	 2010 	 2010
Time prediction:	2002	 2002
2990 17 6124 	 1989 	 1989
Time prediction:	2005	 2005
1961 15 4977 	 1370 	 1500
Time prediction:	1000	 2014
8126 20 6827 	 1997 	 1997
Time prediction:	1998	 1998
7422 20 7423 	 1990 	 1990
Time prediction:	1985	 1985
8704 17 8313 	 1967 	 1967
Time prediction:	2009	 2009
5756 20 7780 	 1972 	 1972
Time prediction:	1964	 1964
5756 20 7780 	 1980 	 1980
Time prediction:	1964	 1964
5756 20 7780 	 1982 	 1982
Time prediction:	1964	 1964
4494 14 3724 	 2011 	 2013
Time prediction:	2003	 2007
9399 20 5762 	 1959 	 1959
Time prediction:	1930	 1930
9413 20 7092 	 1951 	 1951
Time prediction:	1986	 1986
6312 20 5902 	 1999 	 1999
Time prediction:	1999	 1999
959 1 163 	 1933 	 1968
Time prediction:	2005	 2020
2106 16 5735 	 1964 	 1964
Time prediction:	1966	 1966
542 1 1029 	 1047 	 2015
Time prediction:	2005	 2020
2207 12 2155 	 1047 	 2015
Time prediction:	1951	 2020
7395 17 6062 	 2010 	 2010
Time prediction:	2012	 2012
2363 17 6249 	 1982 	 1982
Time prediction:	1934	 1934
9144 18 136 	 2016 	 2017
Time prediction:	2016	 2020
1961 6 2027 	 1918 	 1939
Time prediction:	1945	 2020
7370 20 7371 	 1999 	 1999
Time prediction:	1999	 1999
508 1 184 	 1047 	 2014
Time prediction:	2005	 2020
8892 20 6306 	 1988 	 1988
Time prediction:	1995	 1995
6968 20 5479 	 1972 	 1972
Time prediction:	1977	 1977
6968 20 5479 	 1975 	 1975
Time prediction:	1977	 1977
6968 20 5479 	 1977 	 1977
Time prediction:	1977	 1977
1891 17 6217 	 2002 	 2002
Time prediction:	2004	 2004
1387 1 1210 	 1047 	 1920
Time prediction:	1871	 1920
9211 20 6706 	 1914 	 1914
Time prediction:	1921	 1921
10298 22 9880 	 2011 	 2013
Time prediction:	2010	 2011
11546 22 10938 	 2008 	 2008
Time prediction:	2003	 2005
1103 1 1097 	 2005 	 2016
Time prediction:	2016	 2020
10206 22 9568 	 2008 	 2013
Time prediction:	2004	 2005
1362 1 1142 	 1871 	 1920
Time prediction:	2005	 2020
1393 6 29 	 1944 	 1991
Time prediction:	1990	 1990
2402 17 7472 	 1991 	 1991
Time prediction:	1991	 1991
2402 17 7472 	 1993 	 1993
Time prediction:	1997	 1997
2071 6 30 	 1721 	 1917
Time prediction:	1917	 1922
2457 17 6706 	 1947 	 1947
Time prediction:	1984	 1984
10869 22 10627 	 2000 	 2000
Time prediction:	2001	 2001
9316 20 6012 	 1916 	 1916
Time prediction:	1947	 1947
6968 20 6850 	 1973 	 1973
Time prediction:	1973	 1973
6968 20 6850 	 1974 	 1974
Time prediction:	1976	 1976
2895 20 6706 	 1904 	 1904
Time prediction:	1921	 1921
1192 1 1142 	 1871 	 1920
Time prediction:	2005	 2020
6663 20 9204 	 2000 	 2000
Time prediction:	2007	 2007
5760 20 7941 	 1993 	 1993
Time prediction:	1994	 1994
3059 17 6229 	 2008 	 2008
Time prediction:	2004	 2004
3055 17 5954 	 1981 	 1981
Time prediction:	1972	 1972
2676 9 2486 	 1963 	 2017
Time prediction:	1945	 2020
8888 17 8358 	 1979 	 1979
Time prediction:	2004	 2004
1045 1 125 	 1920 	 2017
Time prediction:	2005	 2020
7218 17 6512 	 2009 	 2009
Time prediction:	2005	 2005
6480 17 5896 	 1936 	 1936
Time prediction:	2002	 2002
1912 6 259 	 1815 	 1871
Time prediction:	1871	 1919
8190 20 7770 	 1993 	 1993
Time prediction:	2000	 2000
2827 17 6780 	 1931 	 1931
Time prediction:	2009	 2009
1086 1 1087 	 1965 	 2005
Time prediction:	2005	 2020
8126 17 7808 	 1991 	 1991
Time prediction:	2004	 2004
8126 17 7808 	 1997 	 1997
Time prediction:	2005	 2005
5531 17 5411 	 1991 	 1991
Time prediction:	2005	 2005
2010 6 2018 	 1918 	 2017
Time prediction:	1772	 1804
7623 17 6002 	 2012 	 2012
Time prediction:	1932	 1932
3613 14 3473 	 1997 	 2001
Time prediction:	2005	 2010
2183 17 5822 	 1964 	 1964
Time prediction:	2005	 2005
7950 17 5804 	 2015 	 2015
Time prediction:	2005	 2005
7015 20 7016 	 1988 	 1988
Time prediction:	1990	 1990
7015 20 7016 	 1994 	 1994
Time prediction:	1988	 1988
11523 22 9775 	 1983 	 1985
Time prediction:	2004	 2007
1592 6 592 	 1991 	 2017
Time prediction:	1990	 1990
10389 22 9780 	 2017 	 2017
Time prediction:	2007	 2020
8846 17 8631 	 1996 	 1996
Time prediction:	2005	 2005
7950 20 8103 	 2010 	 2010
Time prediction:	2005	 2005
3451 14 3454 	 2017 	 2017
Time prediction:	2010	 2015
6768 17 6897 	 1982 	 1982
Time prediction:	2005	 2005
11083 22 10278 	 2011 	 2012
Time prediction:	2004	 2004
6480 17 5835 	 1953 	 1953
Time prediction:	1965	 1965
8617 17 6800 	 1997 	 1997
Time prediction:	2007	 2007
8617 17 6800 	 1999 	 1999
Time prediction:	2007	 2007
8624 17 7092 	 1996 	 1996
Time prediction:	2012	 2012
2693 17 5948 	 1944 	 1944
Time prediction:	1943	 1943
1429 6 2029 	 1569 	 1793
Time prediction:	1832	 1916
5455 16 5461 	 2001 	 2001
Time prediction:	2012	 2012
8732 17 6678 	 2008 	 2008
Time prediction:	2005	 2005
3093 17 7026 	 1959 	 1959
Time prediction:	1978	 1978
4744 14 3492 	 2010 	 2012
Time prediction:	2005	 2010
8674 20 5446 	 2008 	 2008
Time prediction:	2004	 2004
8820 20 6131 	 2005 	 2005
Time prediction:	2012	 2012
1180 1 1142 	 1047 	 1920
Time prediction:	2005	 2020
6367 17 6369 	 2001 	 2001
Time prediction:	2002	 2002
8436 17 5897 	 1970 	 1970
Time prediction:	2005	 2005
6108 20 7092 	 1915 	 1915
Time prediction:	1986	 1986
10432 22 9727 	 2007 	 2010
Time prediction:	2000	 2000
8929 17 6066 	 1949 	 1949
Time prediction:	2004	 2004
4954 14 3700 	 2007 	 2011
Time prediction:	2016	 2020
8126 20 7471 	 1991 	 1991
Time prediction:	1998	 1998
7320 17 7791 	 1994 	 1994
Time prediction:	1994	 1994
1874 17 7092 	 1968 	 1968
Time prediction:	2005	 2005
8583 17 5873 	 1910 	 1910
Time prediction:	1963	 1963
465 1 126 	 1871 	 1920
Time prediction:	2005	 2020
5962 20 6668 	 1993 	 1993
Time prediction:	2001	 2001
1433 9 2496 	 1985 	 2017
Time prediction:	1961	 2020
5756 20 8636 	 1989 	 1989
Time prediction:	1964	 1964
4763 14 3437 	 1997 	 2017
Time prediction:	2015	 2017
6788 17 6789 	 2005 	 2005
Time prediction:	2003	 2003
7216 20 5923 	 1997 	 1997
Time prediction:	1996	 1996
8777 20 6471 	 2006 	 2006
Time prediction:	2006	 2006
8777 20 6471 	 2009 	 2009
Time prediction:	2009	 2009
5574 20 7149 	 1986 	 1986
Time prediction:	1982	 1982
8983 17 6791 	 1855 	 1858
Time prediction:	1926	 1926
9054 17 5804 	 1991 	 1991
Time prediction:	2012	 2012
6129 17 5815 	 2016 	 2016
Time prediction:	2005	 2005
7927 17 6310 	 1996 	 1996
Time prediction:	2005	 2005
8702 17 6800 	 2008 	 2008
Time prediction:	2007	 2007
10330 22 9564 	 2009 	 2010
Time prediction:	2006	 2007
7336 17 7306 	 2007 	 2007
Time prediction:	1932	 1932
8863 17 5816 	 1820 	 2017
Time prediction:	2005	 2005
8857 17 6329 	 1992 	 1992
Time prediction:	2005	 2005
1958 6 2061 	 1047 	 1878
Time prediction:	1990	 1990
399 6 171 	 1933 	 1945
Time prediction:	1949	 1990
2470 20 7279 	 1963 	 1963
Time prediction:	2007	 2007
9057 17 6789 	 2003 	 2003
Time prediction:	1925	 1925
6523 20 6364 	 1968 	 1968
Time prediction:	2012	 2012
4825 14 3526 	 2009 	 2010
Time prediction:	2015	 2017
6849 20 6850 	 1974 	 1974
Time prediction:	1974	 1974
3979 14 3707 	 1999 	 2003
Time prediction:	1994	 1995
7890 17 6678 	 2002 	 2002
Time prediction:	2012	 2012
8888 17 5950 	 1971 	 1971
Time prediction:	1974	 1974
7757 17 7758 	 2013 	 2013
Time prediction:	2005	 2005
7881 20 6706 	 1932 	 1932
Time prediction:	1921	 1921
8902 17 8450 	 1961 	 1961
Time prediction:	2005	 2005
9007 17 6706 	 1978 	 1978
Time prediction:	1984	 1984
8258 20 8267 	 1999 	 1999
Time prediction:	2000	 2000
1893 17 5836 	 1975 	 1975
Time prediction:	1975	 1975
1016 1 126 	 1871 	 1920
Time prediction:	2005	 2020
11892 22 9746 	 1997 	 1997
Time prediction:	2002	 2002
1526 6 30 	 1721 	 1782
Time prediction:	1990	 1990
7525 20 7092 	 1902 	 1902
Time prediction:	1927	 1927
8050 17 8051 	 1954 	 1954
Time prediction:	2005	 2005
8232 20 7400 	 1986 	 1986
Time prediction:	1994	 1994
1230 1 129 	 1920 	 2017
Time prediction:	1790	 1871
2768 17 7467 	 1994 	 1994
Time prediction:	2012	 2012
4025 17 6116 	 1988 	 1988
Time prediction:	1977	 1977
7310 20 6786 	 2014 	 2014
Time prediction:	2006	 2006
3614 14 3423 	 2007 	 2010
Time prediction:	2010	 2016
6964 17 6200 	 2006 	 2006
Time prediction:	2000	 2000
9571 22 9578 	 2007 	 2008
Time prediction:	1995	 2000
6459 20 8772 	 2005 	 2005
Time prediction:	2005	 2005
8213 17 6478 	 2004 	 2004
Time prediction:	2012	 2012
6053 20 9333 	 1986 	 1986
Time prediction:	1981	 1981
6053 20 9333 	 1990 	 1990
Time prediction:	1993	 1993
6053 20 9333 	 2006 	 2006
Time prediction:	1982	 1982
2470 20 6608 	 2014 	 2014
Time prediction:	2007	 2007
44 1 550 	 1917 	 1918
Time prediction:	2005	 2020
4801 14 3456 	 2010 	 2015
Time prediction:	2010	 2015
8386 17 7799 	 2000 	 2000
Time prediction:	1977	 1977
2979 17 6245 	 1892 	 1892
Time prediction:	1965	 1965
8073 17 5479 	 1986 	 1986
Time prediction:	1977	 1977
4616 14 3455 	 2015 	 2017
Time prediction:	2017	 2020
5720 20 7838 	 1997 	 1997
Time prediction:	1996	 1996
10924 22 9998 	 2002 	 2003
Time prediction:	1998	 1999
7902 17 6151 	 1987 	 1987
Time prediction:	2005	 2005
6119 17 6644 	 2000 	 2000
Time prediction:	1932	 1932
555 15 4983 	 1047 	 2014
Time prediction:	1000	 2014
7986 20 7770 	 1976 	 1976
Time prediction:	2000	 2000
7089 20 6765 	 1979 	 1979
Time prediction:	1973	 1973
9054 17 5939 	 1987 	 1987
Time prediction:	2000	 2000
8573 17 5873 	 1904 	 1904
Time prediction:	2012	 2012
8235 20 8236 	 1999 	 1999
Time prediction:	1980	 1980
2085 15 4988 	 1115 	 1532
Time prediction:	1000	 2014
2214 9 2490 	 1961 	 2017
Time prediction:	1973	 2020
3911 14 3912 	 2016 	 2017
Time prediction:	1997	 1999
1970 6 2083 	 1859 	 1860
Time prediction:	1990	 1990
8920 17 6253 	 1984 	 1984
Time prediction:	1925	 1925
8481 20 9201 	 2005 	 2005
Time prediction:	2008	 2008
8006 17 8007 	 1965 	 1965
Time prediction:	2012	 2012
5756 17 7377 	 1962 	 1962
Time prediction:	2005	 2005
6425 20 6780 	 1964 	 1964
Time prediction:	1985	 1985
6967 17 7861 	 1985 	 1985
Time prediction:	1999	 1999
1032 1 528 	 1047 	 2005
Time prediction:	2016	 2020
7819 20 7016 	 1981 	 1981
Time prediction:	1993	 1993
1217 1 953 	 1920 	 2017
Time prediction:	1790	 1871
9168 20 6706 	 1921 	 1921
Time prediction:	1921	 1921
12036 22 9829 	 1993 	 1995
Time prediction:	2008	 2010
7527 17 6198 	 2007 	 2007
Time prediction:	2012	 2012
7553 17 5762 	 1922 	 1922
Time prediction:	2002	 2002
1209 1 122 	 1790 	 1871
Time prediction:	1871	 1920
8114 17 6678 	 2013 	 2013
Time prediction:	1964	 1964
7250 17 5874 	 1979 	 1979
Time prediction:	1925	 1925
6091 17 6096 	 1996 	 1996
Time prediction:	1932	 1932
12036 22 10092 	 1999 	 1999
Time prediction:	2008	 2010
169 15 4977 	 1047 	 1442
Time prediction:	1000	 2014
5846 17 6665 	 2007 	 2007
Time prediction:	1987	 1987
44 6 30 	 1721 	 1917
Time prediction:	1934	 1991
4819 14 3456 	 2010 	 2015
Time prediction:	2017	 2020
8767 20 7092 	 1927 	 1927
Time prediction:	1927	 1927
724 15 4977 	 1430 	 1442
Time prediction:	1000	 2014
8832 17 7489 	 1993 	 1993
Time prediction:	1963	 1963
8258 20 5921 	 2003 	 2003
Time prediction:	1975	 1975
7748 17 6840 	 1981 	 1981
Time prediction:	2002	 2002
10610 22 10052 	 2001 	 2004
Time prediction:	2014	 2020
490 1 491 	 1047 	 2014
Time prediction:	2005	 2020
8761 17 7948 	 1987 	 1987
Time prediction:	2002	 2002
1373 1 953 	 1920 	 2017
Time prediction:	1871	 1920
4814 14 3456 	 2010 	 2015
Time prediction:	2005	 2010
7075 20 6363 	 1997 	 1997
Time prediction:	1986	 1986
1390 1 129 	 1790 	 1871
Time prediction:	1920	 2020
5633 17 7872 	 2013 	 2013
Time prediction:	2013	 2013
7785 17 7341 	 1950 	 1950
Time prediction:	1977	 1977
6414 17 6357 	 1994 	 1994
Time prediction:	1997	 1997
2349 20 8102 	 2001 	 2001
Time prediction:	1985	 1985
1006 1 507 	 1047 	 2014
Time prediction:	2005	 2020
9015 20 7862 	 1991 	 1991
Time prediction:	1980	 1980
9015 20 7862 	 2004 	 2004
Time prediction:	1980	 1980
6577 17 6579 	 2008 	 2008
Time prediction:	2005	 2005
2988 17 5875 	 2008 	 2008
Time prediction:	1926	 1926
5711 17 6854 	 1993 	 1993
Time prediction:	1925	 1925
3567 14 3561 	 2001 	 2002
Time prediction:	1998	 1999
6849 17 6852 	 1980 	 1980
Time prediction:	1985	 1985
2624 15 4969 	 1948 	 2017
Time prediction:	1945	 2020
8581 20 7092 	 1964 	 1964
Time prediction:	1981	 1981
7575 20 7091 	 1984 	 1984
Time prediction:	1983	 1983
8333 17 6005 	 1817 	 1817
Time prediction:	2005	 2005
6350 17 6198 	 1998 	 1998
Time prediction:	2005	 2005
2138 6 2008 	 1804 	 1867
Time prediction:	1990	 1990
10396 22 9556 	 2012 	 2013
Time prediction:	2006	 2007
3597 14 3473 	 1997 	 2001
Time prediction:	2003	 2007
5678 16 5686 	 1964 	 1964
Time prediction:	1954	 1954
8491 17 6262 	 1989 	 1989
Time prediction:	1981	 1981
8081 20 6159 	 2013 	 2013
Time prediction:	2012	 2012
7003 17 5836 	 1999 	 1999
Time prediction:	1975	 1975
8658 17 6066 	 1945 	 1945
Time prediction:	1977	 1977
8081 20 8095 	 2013 	 2013
Time prediction:	2012	 2012
10937 22 9591 	 2015 	 2015
Time prediction:	2010	 2012
9122 17 6617 	 1989 	 1989
Time prediction:	2005	 2005
8018 20 9328 	 1998 	 1998
Time prediction:	1999	 1999
8018 20 9328 	 1999 	 1999
Time prediction:	1997	 1997
8018 20 9328 	 2000 	 2000
Time prediction:	1999	 1999
6885 17 6066 	 1939 	 1939
Time prediction:	2005	 2005
6422 17 6396 	 2013 	 2013
Time prediction:	1926	 1926
7679 17 6211 	 1985 	 1985
Time prediction:	2012	 2012
669 1 497 	 1047 	 2005
Time prediction:	2005	 2016
5962 20 5970 	 1991 	 1991
Time prediction:	2014	 2014
5962 20 5970 	 1994 	 1994
Time prediction:	2013	 2013
5720 20 6852 	 1993 	 1993
Time prediction:	1996	 1996
9128 17 6122 	 2002 	 2002
Time prediction:	2012	 2012
2919 17 7233 	 2005 	 2005
Time prediction:	2012	 2012
8679 17 6264 	 2002 	 2002
Time prediction:	2007	 2007
2154 6 2148 	 1983 	 1985
Time prediction:	1990	 1990
7826 17 5836 	 2010 	 2010
Time prediction:	1975	 1975
1588 6 46 	 1919 	 1922
Time prediction:	1990	 1990
2449 17 7052 	 1983 	 1983
Time prediction:	2012	 2012
5756 17 7556 	 1964 	 1964
Time prediction:	2005	 2005
5756 17 7556 	 1967 	 1967
Time prediction:	1926	 1926
4763 14 3456 	 2010 	 2015
Time prediction:	2015	 2017
4888 14 3457 	 2005 	 2010
Time prediction:	1992	 2015
9571 22 9576 	 2002 	 2003
Time prediction:	1995	 2000
11065 22 10069 	 1935 	 1937
Time prediction:	1939	 1939
10924 22 10779 	 2005 	 2010
Time prediction:	1998	 1999
1877 20 7091 	 1973 	 1973
Time prediction:	1976	 1976
5455 16 5439 	 2005 	 2005
Time prediction:	2012	 2012
2362 20 6760 	 1964 	 1964
Time prediction:	1989	 1989
1874 17 7128 	 1969 	 1969
Time prediction:	2005	 2005
8124 17 6362 	 1988 	 1988
Time prediction:	2007	 2007
5633 17 8314 	 2013 	 2013
Time prediction:	2013	 2013
7195 17 7134 	 2015 	 2015
Time prediction:	2005	 2005
7453 17 7092 	 1987 	 1987
Time prediction:	2012	 2012
2448 17 7926 	 2012 	 2012
Time prediction:	1993	 1993
8740 20 6722 	 1993 	 1993
Time prediction:	1993	 1993
1226 1 129 	 1920 	 2017
Time prediction:	1790	 1871
6663 20 6672 	 2007 	 2007
Time prediction:	2004	 2004
3179 14 3457 	 2005 	 2010
Time prediction:	2010	 2015
5633 20 5626 	 2012 	 2012
Time prediction:	2014	 2014
2424 17 7301 	 1978 	 1978
Time prediction:	2004	 2004
12045 22 9971 	 2003 	 2006
Time prediction:	2006	 2008
83 1 56 	 2014 	 2014
Time prediction:	2005	 2020
2268 17 6820 	 2009 	 2009
Time prediction:	2002	 2002
6953 17 8138 	 1991 	 1991
Time prediction:	1937	 1937
6953 17 8138 	 2000 	 2000
Time prediction:	2005	 2005
8258 20 8262 	 2000 	 2000
Time prediction:	2000	 2000
4204 14 3512 	 1997 	 2001
Time prediction:	2005	 2010
3194 17 7006 	 1997 	 1997
Time prediction:	1932	 1932
11651 22 9727 	 1998 	 2001
Time prediction:	2000	 2000
8901 17 7175 	 1992 	 1992
Time prediction:	2005	 2005
2762 20 7092 	 1962 	 1962
Time prediction:	1927	 1927
2762 20 7092 	 1963 	 1963
Time prediction:	1927	 1927
2762 20 7092 	 1965 	 1965
Time prediction:	1981	 1981
12036 22 10033 	 1997 	 1999
Time prediction:	2008	 2010
1321 1 129 	 1920 	 2017
Time prediction:	1871	 1920
5410 16 3215 	 1960 	 1960
Time prediction:	1983	 1983
6546 20 6850 	 1967 	 1967
Time prediction:	1976	 1976
7979 17 7280 	 1985 	 1985
Time prediction:	2005	 2005
4814 14 3454 	 2017 	 2017
Time prediction:	2005	 2010
9408 20 5762 	 1944 	 1944
Time prediction:	1957	 1957
8258 20 8263 	 2003 	 2003
Time prediction:	2000	 2000
2320 20 8636 	 2004 	 2004
Time prediction:	1991	 1991
11825 22 9938 	 2008 	 2009
Time prediction:	2008	 2008
5539 17 7880 	 2001 	 2001
Time prediction:	2002	 2002
2183 9 2496 	 1985 	 2017
Time prediction:	1961	 2020
2746 20 7092 	 1955 	 1955
Time prediction:	1986	 1986
7339 17 7340 	 1974 	 1974
Time prediction:	1974	 1974
6968 17 6969 	 1973 	 1973
Time prediction:	1977	 1977
5619 17 5611 	 1993 	 1993
Time prediction:	1979	 1979
8941 17 8703 	 1993 	 1993
Time prediction:	1992	 1992
8941 17 8703 	 1994 	 1994
Time prediction:	1992	 1992
8759 20 6706 	 1928 	 1928
Time prediction:	1921	 1921
2286 17 6190 	 2013 	 2013
Time prediction:	2012	 2012
7496 20 6780 	 1937 	 1937
Time prediction:	1985	 1985
4036 14 3431 	 1997 	 2002
Time prediction:	2002	 2011
7118 17 7119 	 1968 	 1968
Time prediction:	1977	 1977
44 1 46 	 1919 	 1941
Time prediction:	2005	 2020
6982 20 5841 	 1991 	 1991
Time prediction:	1977	 1977
9144 18 1035 	 1047 	 2016
Time prediction:	2016	 2020
6053 17 8528 	 2008 	 2008
Time prediction:	1987	 1987
2277 17 6867 	 1964 	 1964
Time prediction:	2002	 2002
6876 20 6706 	 1903 	 1903
Time prediction:	1921	 1921
6876 20 6706 	 1929 	 1929
Time prediction:	1921	 1921
1639 1 125 	 1790 	 1871
Time prediction:	1871	 1920
8275 17 8278 	 2003 	 2003
Time prediction:	2004	 2004
5840 17 5842 	 1981 	 1981
Time prediction:	1933	 1933
7849 20 7939 	 1994 	 1994
Time prediction:	2010	 2010
7009 17 7010 	 2012 	 2012
Time prediction:	2012	 2012
3334 13 3247 	 1966 	 2017
Time prediction:	1966	 2020
1003 1 956 	 1938 	 1944
Time prediction:	2005	 2020
142 6 1471 	 1991 	 2017
Time prediction:	1990	 1990
7434 17 6274 	 1952 	 1952
Time prediction:	1996	 1996
3203 17 6297 	 2008 	 2008
Time prediction:	1925	 1925
1837 17 6034 	 1998 	 1998
Time prediction:	2012	 2012
5671 17 6764 	 2011 	 2011
Time prediction:	1934	 1934
6636 17 6638 	 1974 	 1974
Time prediction:	1965	 1965
5764 17 2106 	 1981 	 1981
Time prediction:	1992	 1992
7816 20 7836 	 2000 	 2000
Time prediction:	2000	 2000
2183 7 2200 	 1856 	 1857
Time prediction:	1982	 1993
7800 17 7805 	 1998 	 1998
Time prediction:	1966	 1966
4586 17 5817 	 1899 	 2017
Time prediction:	2004	 2004
9238 20 6706 	 1906 	 1906
Time prediction:	1921	 1921
2470 17 7605 	 1994 	 1994
Time prediction:	1961	 1961
100 6 592 	 1991 	 2017
Time prediction:	1846	 1917
1201 1 953 	 1920 	 2017
Time prediction:	2005	 2020
11686 22 10689 	 2004 	 2006
Time prediction:	2007	 2010
8507 17 8509 	 2012 	 2012
Time prediction:	2010	 2010
8683 17 6083 	 2006 	 2006
Time prediction:	2002	 2002
6693 17 6364 	 2006 	 2006
Time prediction:	2009	 2009
8041 20 7444 	 1982 	 1982
Time prediction:	1982	 1982
7902 20 8636 	 1988 	 1988
Time prediction:	1991	 1991
2795 17 5836 	 2002 	 2002
Time prediction:	1975	 1975
10674 22 9818 	 2009 	 2011
Time prediction:	2008	 2008
793 1 661 	 1977 	 2017
Time prediction:	2005	 2020
7089 20 6764 	 1960 	 1960
Time prediction:	1973	 1973
4609 14 3457 	 2005 	 2010
Time prediction:	2010	 2015
3322 13 3252 	 2001 	 2017
Time prediction:	1975	 2020
1320 1 129 	 1920 	 2017
Time prediction:	2005	 2020
7062 17 6640 	 1976 	 1976
Time prediction:	2005	 2005
4800 14 3454 	 2017 	 2017
Time prediction:	2010	 2015
4891 17 6433 	 1946 	 1946
Time prediction:	1918	 1918
5756 17 7052 	 2002 	 2002
Time prediction:	1977	 1977
2011 6 45 	 1991 	 2017
Time prediction:	1991	 2020
113 6 45 	 1991 	 2017
Time prediction:	1991	 2020
2677 9 2494 	 2003 	 2017
Time prediction:	1961	 2020
8327 20 9249 	 1969 	 1969
Time prediction:	1974	 1974
2841 17 5875 	 1983 	 1983
Time prediction:	1932	 1932
509 6 2029 	 1581 	 1621
Time prediction:	1990	 1990
8247 17 5916 	 1990 	 1990
Time prediction:	2016	 2016
5425 17 7586 	 1976 	 1976
Time prediction:	2012	 2012
1385 1 129 	 1790 	 1871
Time prediction:	2005	 2020
3159 17 7697 	 1954 	 1954
Time prediction:	1963	 1963
4717 17 6012 	 1920 	 1920
Time prediction:	2000	 2000
380 1 119 	 2005 	 2017
Time prediction:	2005	 2020
3053 17 5947 	 1983 	 1983
Time prediction:	1974	 1974
5504 17 6315 	 2008 	 2008
Time prediction:	2014	 2014
7785 20 6875 	 1957 	 1957
Time prediction:	1990	 1990
7906 17 7913 	 2002 	 2002
Time prediction:	1996	 1996
8679 17 6706 	 2007 	 2007
Time prediction:	1984	 1984
1150 1 953 	 1790 	 1871
Time prediction:	1920	 2020
2776 9 2492 	 1980 	 2017
Time prediction:	2002	 2020
7458 17 7306 	 1925 	 1925
Time prediction:	2012	 2012
7547 20 6670 	 1985 	 1985
Time prediction:	1984	 1984
6830 17 6357 	 1973 	 1973
Time prediction:	1977	 1977
5628 17 5626 	 1994 	 1994
Time prediction:	2002	 2002
5769 17 6210 	 1999 	 1999
Time prediction:	1999	 1999
7062 17 5836 	 1979 	 1979
Time prediction:	1975	 1975
7320 20 7282 	 1994 	 1994
Time prediction:	1994	 1994
9402 20 5762 	 1925 	 1925
Time prediction:	1930	 1930
3301 21 9434 	 1902 	 1905
Time prediction:	1903	 1903
3064 17 6601 	 1978 	 1978
Time prediction:	1980	 1980
9195 20 6012 	 1905 	 1905
Time prediction:	1947	 1947
9195 20 6012 	 1915 	 1915
Time prediction:	1947	 1947
2428 20 6162 	 2001 	 2001
Time prediction:	1997	 1997
8577 17 6465 	 1977 	 1977
Time prediction:	2005	 2005
7056 17 7057 	 1965 	 1965
Time prediction:	2004	 2004
7056 17 7057 	 2012 	 2012
Time prediction:	2012	 2012
8892 20 6763 	 1991 	 1991
Time prediction:	1995	 1995
8974 17 7473 	 1980 	 1980
Time prediction:	2010	 2010
6936 17 6937 	 2007 	 2007
Time prediction:	1933	 1933
3451 14 3457 	 2005 	 2010
Time prediction:	2010	 2015
11915 22 9637 	 2008 	 2010
Time prediction:	2006	 2008
833 15 4990 	 1990 	 2017
Time prediction:	1000	 2014
9571 22 9577 	 1996 	 1998
Time prediction:	1995	 2000
8871 17 5916 	 1979 	 1979
Time prediction:	2016	 2016
1187 1 1142 	 1871 	 1920
Time prediction:	2005	 2020
8011 20 9320 	 2005 	 2005
Time prediction:	2003	 2003
7552 20 7482 	 2013 	 2013
Time prediction:	2010	 2010
5805 20 7862 	 2006 	 2006
Time prediction:	1980	 1980
2422 20 7926 	 2014 	 2014
Time prediction:	2002	 2002
6390 20 6392 	 2005 	 2005
Time prediction:	2004	 2004
4760 14 3437 	 1987 	 2015
Time prediction:	2001	 2005
1513 1 773 	 1930 	 1934
Time prediction:	2005	 2020
7800 17 6153 	 2013 	 2013
Time prediction:	1956	 1956
5347 15 5000 	 2004 	 2004
Time prediction:	1000	 2014
8771 17 5836 	 1993 	 1993
Time prediction:	1975	 1975
2783 9 2490 	 1963 	 2017
Time prediction:	1962	 2020
8270 17 6671 	 1995 	 1995
Time prediction:	1963	 1963
7312 20 7605 	 2010 	 2010
Time prediction:	1986	 1986
11460 22 9822 	 2011 	 2012
Time prediction:	2014	 2020
4471 17 6357 	 1993 	 1993
Time prediction:	1977	 1977
12243 22 9816 	 1988 	 1990
Time prediction:	1996	 1997
7083 17 6617 	 1978 	 1978
Time prediction:	2012	 2012
8258 20 8264 	 2003 	 2003
Time prediction:	2000	 2000
7596 17 7597 	 2012 	 2012
Time prediction:	2004	 2004
5678 16 5695 	 1996 	 1996
Time prediction:	1954	 1954
5722 16 2373 	 1968 	 1968
Time prediction:	1982	 1982
6750 17 6288 	 2008 	 2008
Time prediction:	2004	 2004
9852 22 9818 	 1995 	 1998
Time prediction:	1995	 1996
1158 1 1142 	 1871 	 1920
Time prediction:	2005	 2020
6938 17 6939 	 1978 	 1978
Time prediction:	1933	 1933
7045 20 7044 	 2000 	 2000
Time prediction:	2006	 2006
1431 1 1433 	 1954 	 2017
Time prediction:	2005	 2020
1893 17 5835 	 1961 	 1961
Time prediction:	2007	 2007
4280 14 3700 	 2007 	 2011
Time prediction:	2003	 2007
4204 14 3438 	 2005 	 2010
Time prediction:	2005	 2010
352 1 357 	 2015 	 2015
Time prediction:	2005	 2020
6053 20 9002 	 1993 	 1993
Time prediction:	1981	 1981
6053 20 9002 	 1999 	 1999
Time prediction:	1991	 1991
6053 20 9002 	 2006 	 2006
Time prediction:	1981	 1981
3814 14 3793 	 1937 	 1940
Time prediction:	1846	 1868
2026 6 30 	 1795 	 1832
Time prediction:	1916	 1918
2809 17 5935 	 1903 	 2017
Time prediction:	1933	 1933
8229 17 8230 	 1983 	 1983
Time prediction:	2005	 2005
8679 17 5836 	 2001 	 2001
Time prediction:	1975	 1975
5517 17 5411 	 1984 	 1984
Time prediction:	2012	 2012
1865 20 6706 	 1925 	 1925
Time prediction:	1921	 1921
1277 1 129 	 1920 	 2017
Time prediction:	1790	 1871
6032 17 5946 	 2008 	 2008
Time prediction:	1994	 1994
10225 22 9769 	 2002 	 2002
Time prediction:	2009	 2010
8667 17 5831 	 1989 	 1989
Time prediction:	1934	 1934
640 1 642 	 2016 	 2017
Time prediction:	2016	 2020
88 6 332 	 1917 	 1917
Time prediction:	1917	 1917
11707 22 10723 	 2009 	 2009
Time prediction:	2000	 2000
10913 22 9564 	 2004 	 2005
Time prediction:	1998	 1999
8849 17 6433 	 1981 	 1981
Time prediction:	2005	 2005
8704 20 8313 	 1994 	 1994
Time prediction:	2009	 2009
10852 22 9668 	 2015 	 2017
Time prediction:	2006	 2007
6390 20 5479 	 2005 	 2005
Time prediction:	2004	 2004
3158 17 5950 	 1976 	 1976
Time prediction:	1971	 1971
8197 17 6211 	 1981 	 1981
Time prediction:	1937	 1937
8390 17 6026 	 1980 	 1980
Time prediction:	2002	 2002
25 0 27 	 1929 	 2017
Time prediction:	1931	 1991
8018 20 8020 	 1997 	 1997
Time prediction:	1999	 1999
8018 20 8020 	 1999 	 1999
Time prediction:	1997	 1997
8892 20 8236 	 1992 	 1992
Time prediction:	1995	 1995
6885 20 7092 	 1948 	 1948
Time prediction:	1981	 1981
5411 16 5541 	 1998 	 1998
Time prediction:	1985	 1985
7443 20 6257 	 2000 	 2000
Time prediction:	1997	 1997
6968 20 7536 	 1972 	 1972
Time prediction:	1977	 1977
1571 15 5092 	 1047 	 2014
Time prediction:	1000	 2014
7890 20 6679 	 2004 	 2004
Time prediction:	1988	 1988
8587 17 6800 	 2008 	 2008
Time prediction:	2007	 2007
7890 17 6675 	 2002 	 2002
Time prediction:	1932	 1932
7772 20 5661 	 2004 	 2004
Time prediction:	2004	 2004
1956 6 2009 	 1867 	 1918
Time prediction:	1991	 2020
7829 20 7830 	 2011 	 2011
Time prediction:	2010	 2010
8943 17 7508 	 1982 	 1982
Time prediction:	1977	 1977
4204 14 3518 	 2014 	 2015
Time prediction:	2005	 2010
7439 17 6700 	 1999 	 1999
Time prediction:	1932	 1932
9054 17 6134 	 2000 	 2000
Time prediction:	2012	 2012
11779 22 11142 	 2002 	 2002
Time prediction:	2005	 2012
6439 17 5836 	 2009 	 2009
Time prediction:	1975	 1975
11892 22 10608 	 1999 	 1999
Time prediction:	2002	 2002
4895 14 3473 	 1997 	 2001
Time prediction:	2010	 2015
1588 6 30 	 1047 	 1917
Time prediction:	1990	 1990
1588 1 262 	 1796 	 1802
Time prediction:	2005	 2020
191 1 30 	 1721 	 1917
Time prediction:	2005	 2020
5123 15 5002 	 2005 	 2005
Time prediction:	1000	 2014
5760 20 6744 	 2000 	 2000
Time prediction:	2000	 2000
2153 6 332 	 1917 	 1918
Time prediction:	1990	 1990
7829 17 6823 	 2011 	 2011
Time prediction:	2012	 2012
12010 22 9548 	 2011 	 2012
Time prediction:	2002	 2003
1181 1 953 	 1920 	 2017
Time prediction:	1871	 1920
1291 1 129 	 1920 	 2017
Time prediction:	1920	 2020
7497 17 6287 	 1936 	 1936
Time prediction:	1937	 1937
3179 14 3473 	 1997 	 2001
Time prediction:	2010	 2015
6414 17 6416 	 1988 	 1988
Time prediction:	1933	 1933
5720 17 6733 	 2010 	 2010
Time prediction:	1996	 1996
6053 20 8080 	 1992 	 1992
Time prediction:	1981	 1981
8573 20 6780 	 1909 	 1909
Time prediction:	1985	 1985
10753 22 10689 	 2009 	 2010
Time prediction:	2007	 2010
907 1 970 	 1974 	 1997
Time prediction:	2005	 2020
8353 17 6486 	 1968 	 1968
Time prediction:	1959	 1959
5411 16 5511 	 1982 	 1982
Time prediction:	1985	 1985
3889 14 3492 	 1989 	 1990
Time prediction:	2017	 2020
4814 14 3520 	 1994 	 1994
Time prediction:	2005	 2010
8629 17 8463 	 1993 	 1993
Time prediction:	1934	 1934
7826 17 6216 	 1992 	 1992
Time prediction:	2005	 2005
7790 17 5799 	 1992 	 1992
Time prediction:	1999	 1999
8428 20 7092 	 1954 	 1954
Time prediction:	1986	 1986
8050 17 8052 	 1984 	 1984
Time prediction:	1977	 1977
8081 17 6474 	 2013 	 2013
Time prediction:	2012	 2012
7864 17 6747 	 1983 	 1983
Time prediction:	1934	 1934
8870 17 5836 	 1998 	 1998
Time prediction:	1975	 1975
5671 17 7513 	 1993 	 1993
Time prediction:	1959	 1959
4573 17 6449 	 2016 	 2016
Time prediction:	1937	 1937
458 1 125 	 1790 	 1871
Time prediction:	2005	 2020
8854 17 6541 	 2006 	 2006
Time prediction:	1998	 1998
6779 20 6780 	 1945 	 1945
Time prediction:	1985	 1985
2101 6 2008 	 1815 	 1866
Time prediction:	1805	 1815
6390 20 6290 	 2005 	 2005
Time prediction:	2004	 2004
1351 1 129 	 1920 	 2017
Time prediction:	2005	 2020
6149 20 6162 	 1997 	 1997
Time prediction:	1997	 1997
947 1 129 	 1918 	 2006
Time prediction:	1824	 1968
3362 13 3255 	 1965 	 2017
Time prediction:	1988	 2020
11329 22 10631 	 2004 	 2005
Time prediction:	1998	 1999
3485 17 5987 	 1705 	 1705
Time prediction:	1937	 1937
7575 20 7862 	 1986 	 1986
Time prediction:	1980	 1980
2183 9 2487 	 1949 	 2017
Time prediction:	1961	 2020
12007 22 9685 	 2010 	 2011
Time prediction:	2008	 2010
1199 1 953 	 1920 	 2017
Time prediction:	2005	 2020
1442 1 125 	 1920 	 2017
Time prediction:	1790	 1871
7854 17 7637 	 2006 	 2006
Time prediction:	2004	 2004
9108 20 7513 	 2008 	 2008
Time prediction:	1983	 1983
11402 22 9775 	 2001 	 2004
Time prediction:	2004	 2007
6787 20 5762 	 1952 	 1952
Time prediction:	1957	 1957
9015 20 5984 	 2003 	 2003
Time prediction:	1978	 1978
3006 17 6415 	 2003 	 2003
Time prediction:	2004	 2004
8992 17 6966 	 1976 	 1976
Time prediction:	1932	 1932
8985 17 6578 	 1997 	 1997
Time prediction:	1934	 1934
1176 1 1142 	 1871 	 1920
Time prediction:	2005	 2020
2362 20 7343 	 1981 	 1981
Time prediction:	1975	 1975
5751 17 2106 	 2014 	 2014
Time prediction:	1985	 1985
1292 1 1210 	 1871 	 1920
Time prediction:	2005	 2020
4807 14 3473 	 1997 	 2001
Time prediction:	2010	 2015
6663 20 6678 	 2008 	 2008
Time prediction:	1999	 1999
268 9 2494 	 2000 	 2017
Time prediction:	1992	 2020
12230 22 10897 	 2006 	 2007
Time prediction:	2008	 2010
1173 15 4973 	 1047 	 2016
Time prediction:	1000	 2014
2900 17 7196 	 1990 	 1990
Time prediction:	1977	 1977
6032 20 5921 	 1994 	 1994
Time prediction:	1975	 1975
4200 17 6293 	 2009 	 2009
Time prediction:	1977	 1977
7136 17 6530 	 1983 	 1983
Time prediction:	2005	 2005
2817 17 6068 	 1973 	 1973
Time prediction:	2004	 2004
4799 14 3458 	 2001 	 2005
Time prediction:	1992	 2015
9361 20 6706 	 1937 	 1937
Time prediction:	1921	 1921
253 6 28 	 1917 	 2017
Time prediction:	1990	 1990
2622 17 4313 	 1985 	 1985
Time prediction:	1977	 1977
1388 1 1210 	 1871 	 1920
Time prediction:	2005	 2020
8434 17 6210 	 1967 	 1967
Time prediction:	2005	 2005
8674 20 6326 	 2002 	 2002
Time prediction:	2004	 2004
8602 17 6074 	 1954 	 1954
Time prediction:	2005	 2005
6195 17 6198 	 1993 	 1993
Time prediction:	2002	 2002
11438 22 10689 	 2007 	 2010
Time prediction:	2007	 2010
8822 17 5836 	 1964 	 1964
Time prediction:	1975	 1975
3006 17 7654 	 2013 	 2013
Time prediction:	1933	 1933
5418 17 6025 	 1976 	 1976
Time prediction:	1969	 1969
2796 20 5762 	 1964 	 1964
Time prediction:	1930	 1930
1171 15 4971 	 2016 	 2017
Time prediction:	2015	 2020
4455 14 4893 	 2008 	 2009
Time prediction:	2010	 2015
7874 17 6189 	 2008 	 2008
Time prediction:	1934	 1934
1251 1 1210 	 1871 	 1920
Time prediction:	2005	 2020
8587 17 6805 	 2000 	 2000
Time prediction:	1934	 1934
5962 20 8616 	 2005 	 2005
Time prediction:	2013	 2013
5962 20 8616 	 2009 	 2009
Time prediction:	2007	 2007
12247 22 10978 	 2009 	 2017
Time prediction:	2005	 2005
9559 22 9560 	 2001 	 2006
Time prediction:	2002	 2003
9308 20 5762 	 1942 	 1942
Time prediction:	1960	 1960
8996 17 7122 	 1998 	 1998
Time prediction:	2006	 2006
10836 22 9628 	 2010 	 2012
Time prediction:	2008	 2008
10852 22 9741 	 2004 	 2005
Time prediction:	2006	 2007
7766 17 7767 	 1979 	 1979
Time prediction:	1980	 1980
8787 20 6392 	 1995 	 1995
Time prediction:	1972	 1972
1428 1 125 	 1920 	 2017
Time prediction:	1871	 1920
2678 17 6708 	 1989 	 1989
Time prediction:	2005	 2005
10869 22 10360 	 1997 	 1997
Time prediction:	2001	 2001
2099 9 2492 	 1956 	 2017
Time prediction:	1961	 2020
446 1 400 	 1949 	 1990
Time prediction:	1949	 1949
5505 17 5678 	 1959 	 1959
Time prediction:	2011	 2011
400 15 4988 	 1949 	 1990
Time prediction:	1000	 2014
5573 17 6154 	 1990 	 1990
Time prediction:	2005	 2005
6383 20 6384 	 2010 	 2010
Time prediction:	1994	 1994
10330 22 9554 	 2014 	 2014
Time prediction:	2006	 2007
6295 17 6296 	 2012 	 2012
Time prediction:	1926	 1926
9113 17 7861 	 1999 	 1999
Time prediction:	2013	 2013
702 1 26 	 1991 	 2017
Time prediction:	2005	 2020
11554 22 10008 	 2002 	 2004
Time prediction:	2004	 2005
7983 17 7866 	 1994 	 1994
Time prediction:	1934	 1934
11555 22 10688 	 2005 	 2005
Time prediction:	2005	 2010
2140 6 2025 	 1918 	 1918
Time prediction:	1804	 1867
12036 22 10707 	 2008 	 2009
Time prediction:	2008	 2010
5573 17 6159 	 1991 	 1991
Time prediction:	2002	 2002
6246 17 6704 	 1945 	 1945
Time prediction:	2004	 2004
12471 22 10417 	 2001 	 2004
Time prediction:	2010	 2013
5730 17 5729 	 2006 	 2006
Time prediction:	1986	 1986
11534 22 9998 	 2009 	 2011
Time prediction:	2013	 2013
8929 17 6939 	 1969 	 1969
Time prediction:	1995	 1995
2798 20 6012 	 1934 	 1934
Time prediction:	1947	 1947
509 6 2056 	 1561 	 1581
Time prediction:	1990	 1990
5756 20 7646 	 1984 	 1984
Time prediction:	1988	 1988
7703 17 6276 	 1962 	 1962
Time prediction:	2008	 2008
3159 17 5949 	 1949 	 1949
Time prediction:	1982	 1982
8094 20 8088 	 2010 	 2010
Time prediction:	2010	 2010
364 6 29 	 1937 	 1991
Time prediction:	1990	 1990
7800 20 7478 	 2005 	 2005
Time prediction:	1982	 1982
4802 14 3473 	 1997 	 2001
Time prediction:	2005	 2010
2987 17 7332 	 2009 	 2009
Time prediction:	2012	 2012
7986 17 8805 	 2011 	 2011
Time prediction:	1976	 1976
8587 17 6485 	 2003 	 2003
Time prediction:	2005	 2005
6968 17 6547 	 1972 	 1972
Time prediction:	1978	 1978
10298 22 10303 	 2003 	 2003
Time prediction:	2010	 2011
273 1 126 	 1871 	 1920
Time prediction:	2005	 2020
8443 17 6852 	 1982 	 1982
Time prediction:	1999	 1999
7890 20 7885 	 1975 	 1975
Time prediction:	1988	 1988
8704 17 8705 	 2002 	 2002
Time prediction:	1963	 1963
1196 1 1142 	 1871 	 1920
Time prediction:	2005	 2020
1263 1 129 	 1920 	 2017
Time prediction:	2005	 2020
4623 14 3456 	 2010 	 2015
Time prediction:	2010	 2015
1890 17 4313 	 1997 	 1997
Time prediction:	1977	 1977
3632 14 3458 	 2001 	 2005
Time prediction:	2001	 2005
3947 17 6034 	 2008 	 2008
Time prediction:	2012	 2012
4812 14 3458 	 2001 	 2005
Time prediction:	1997	 2015
5958 20 5762 	 1963 	 1963
Time prediction:	1930	 1930
8492 20 6706 	 1906 	 1906
Time prediction:	1921	 1921
8221 20 7149 	 2005 	 2005
Time prediction:	1982	 1982
9312 20 6780 	 1907 	 1907
Time prediction:	1985	 1985
7345 17 6187 	 1966 	 1966
Time prediction:	2012	 2012
630 6 332 	 1917 	 1917
Time prediction:	1922	 1991
3923 17 6133 	 1994 	 1994
Time prediction:	1959	 1959
11211 22 9771 	 2004 	 2008
Time prediction:	2007	 2009
3061 17 5874 	 1962 	 1962
Time prediction:	1932	 1932
7944 17 8007 	 1974 	 1974
Time prediction:	1956	 1956
6544 17 6081 	 1984 	 1984
Time prediction:	1925	 1925
11355 22 9719 	 2012 	 2012
Time prediction:	2008	 2010
1009 1 125 	 1790 	 2017
Time prediction:	1871	 1920
588 1 592 	 1991 	 2017
Time prediction:	2005	 2020
7566 17 7074 	 1985 	 1985
Time prediction:	1959	 1959
8536 17 6253 	 1987 	 1987
Time prediction:	2012	 2012
1156 1 953 	 1920 	 2017
Time prediction:	1871	 1920
3093 17 5949 	 1973 	 1973
Time prediction:	1982	 1982
7245 17 7247 	 2003 	 2003
Time prediction:	2002	 2002
8451 17 7254 	 1980 	 1980
Time prediction:	2005	 2005
458 1 126 	 1871 	 1920
Time prediction:	2005	 2020
114 1 115 	 1922 	 2017
Time prediction:	2005	 2020
9421 20 5762 	 1956 	 1956
Time prediction:	1960	 1960
5611 16 5616 	 2004 	 2004
Time prediction:	2002	 2002
7162 17 7163 	 1993 	 1993
Time prediction:	2004	 2004
6768 17 6262 	 1981 	 1981
Time prediction:	1981	 1981
1941 6 2044 	 1941 	 1944
Time prediction:	1804	 1867
8809 17 7217 	 2009 	 2009
Time prediction:	2005	 2005
6332 17 6333 	 2002 	 2002
Time prediction:	2010	 2010
8559 20 5762 	 1916 	 1916
Time prediction:	1957	 1957
3451 14 3453 	 2005 	 2007
Time prediction:	2010	 2015
19 6 2044 	 1918 	 1940
Time prediction:	1918	 2020
8359 17 5873 	 1989 	 1989
Time prediction:	1926	 1926
6767 17 6201 	 1971 	 1971
Time prediction:	1981	 1981
8106 17 7480 	 1999 	 1999
Time prediction:	1995	 1995
10330 22 10091 	 2013 	 2014
Time prediction:	2006	 2007
8873 17 6357 	 1996 	 1996
Time prediction:	2005	 2005
7881 20 6780 	 1946 	 1946
Time prediction:	1985	 1985
2856 17 7451 	 1970 	 1970
Time prediction:	2005	 2005
2756 17 5881 	 2012 	 2012
Time prediction:	2012	 2012
1014 1 135 	 1967 	 2017
Time prediction:	1000	 2015
8939 20 6706 	 1939 	 1939
Time prediction:	1921	 1921
9028 17 6990 	 2007 	 2007
Time prediction:	2005	 2005
8105 20 7400 	 1977 	 1977
Time prediction:	1998	 1998
2263 17 8748 	 2006 	 2006
Time prediction:	2004	 2004
2857 17 6708 	 1992 	 1992
Time prediction:	2005	 2005
8777 20 6678 	 2008 	 2008
Time prediction:	2009	 2009
5962 20 5969 	 2010 	 2010
Time prediction:	2014	 2014
2338 17 7301 	 1955 	 1955
Time prediction:	2004	 2004
2116 6 2018 	 1866 	 2017
Time prediction:	1990	 1990
8740 20 7474 	 1992 	 1992
Time prediction:	1993	 1993
4606 14 3437 	 1987 	 2015
Time prediction:	2015	 2017
7698 20 7046 	 2011 	 2011
Time prediction:	1998	 1998
12003 22 10691 	 2004 	 2007
Time prediction:	2005	 2005
6390 20 6969 	 2003 	 2003
Time prediction:	2004	 2004
11061 22 9637 	 2008 	 2010
Time prediction:	2006	 2008
5551 16 5570 	 1988 	 1988
Time prediction:	1985	 1985
9357 20 6012 	 1919 	 1919
Time prediction:	1998	 1998
1262 1 129 	 1790 	 1871
Time prediction:	1920	 2020
1846 12 2155 	 1958 	 2017
Time prediction:	1951	 2020
3600 14 3573 	 1999 	 1999
Time prediction:	1999	 2003
1061 1 528 	 2005 	 2016
Time prediction:	2005	 2020
11127 22 9723 	 2002 	 2003
Time prediction:	2007	 2008
3996 14 3457 	 2005 	 2010
Time prediction:	2010	 2015
7970 20 5773 	 2010 	 2010
Time prediction:	2008	 2008
5548 16 2471 	 1985 	 1985
Time prediction:	2002	 2002
7355 20 6780 	 1956 	 1956
Time prediction:	1985	 1985
5611 16 5622 	 2012 	 2012
Time prediction:	2002	 2002
7766 20 7767 	 1979 	 1979
Time prediction:	1979	 1979
1212 1 1210 	 1871 	 1920
Time prediction:	1790	 1871
11435 22 11035 	 2013 	 2014
Time prediction:	2009	 2009
1281 1 122 	 1790 	 1871
Time prediction:	1790	 1871
2507 17 5762 	 1952 	 1952
Time prediction:	1933	 1933
2687 9 2490 	 1950 	 2017
Time prediction:	1973	 2020
12331 22 10632 	 2001 	 2002
Time prediction:	2002	 2002
5626 16 5627 	 1986 	 1986
Time prediction:	2013	 2013
3178 17 5951 	 1945 	 1945
Time prediction:	1943	 1943
8585 20 7092 	 1961 	 1961
Time prediction:	1986	 1986
647 1 126 	 1871 	 1920
Time prediction:	2005	 2020
2003 6 30 	 1809 	 1917
Time prediction:	1990	 1990
9057 17 6628 	 1969 	 1969
Time prediction:	1925	 1925
4648 14 3537 	 2007 	 2015
Time prediction:	2005	 2010
2205 9 2486 	 1981 	 2017
Time prediction:	1945	 2020
6759 17 6070 	 2002 	 2002
Time prediction:	2013	 2013
11119 22 10632 	 2001 	 2001
Time prediction:	2002	 2002
11481 22 9660 	 2011 	 2011
Time prediction:	2007	 2008
952 15 4973 	 1047 	 1794
Time prediction:	1000	 2014
2616 9 2491 	 2002 	 2017
Time prediction:	1947	 2020
675 15 5024 	 1964 	 2017
Time prediction:	1000	 2014
228 6 2063 	 553 	 752
Time prediction:	1990	 1990
6321 20 6322 	 2008 	 2008
Time prediction:	1991	 1991
11471 22 10688 	 2005 	 2010
Time prediction:	2005	 2010
1335 1 1210 	 1871 	 1920
Time prediction:	2005	 2020
8288 17 6798 	 1989 	 1989
Time prediction:	2015	 2015
7970 20 6815 	 2009 	 2009
Time prediction:	2010	 2010
2020 6 2045 	 1711 	 1804
Time prediction:	1946	 2020
9395 20 5762 	 1932 	 1932
Time prediction:	1930	 1930
6968 17 5479 	 1978 	 1978
Time prediction:	1977	 1977
6580 17 6324 	 2008 	 2017
Time prediction:	2005	 2005
8674 20 8676 	 2010 	 2010
Time prediction:	2004	 2004
1406 15 4986 	 1047 	 2016
Time prediction:	1000	 2014
7809 17 6198 	 1975 	 1975
Time prediction:	1989	 1989
10913 22 9747 	 2003 	 2007
Time prediction:	1998	 1999
6663 20 7637 	 1999 	 1999
Time prediction:	1999	 1999
8288 17 6202 	 1990 	 1990
Time prediction:	1993	 1993
5638 20 7092 	 1960 	 1960
Time prediction:	1927	 1927
8011 20 9321 	 2004 	 2004
Time prediction:	2001	 2001
1873 17 6013 	 2009 	 2009
Time prediction:	2012	 2012
6261 17 7021 	 2006 	 2006
Time prediction:	2002	 2002
12045 22 9829 	 1998 	 1999
Time prediction:	2006	 2008
7809 17 5939 	 1987 	 1987
Time prediction:	1989	 1989
10903 22 10656 	 2010 	 2012
Time prediction:	2009	 2011
