Number of test facts:	352
5693 3 5339 	 1986 	 2017
Time prediction:	2011	 2017
3609 4 6257 	 1927 	 1975
Time prediction:	1938	 2017
12 4 1683 	 2011 	 2017
Time prediction:	1969	 2017
5393 3 5261 	 1937 	 2017
Time prediction:	1893	 2017
1297 3 5172 	 1992 	 2017
Time prediction:	2013	 2017
1949 4 6093 	 1998 	 2017
Time prediction:	2008	 2012
291 2 4364 	 2003 	 2010
Time prediction:	2002	 2011
3861 3 5172 	 1988 	 2017
Time prediction:	2013	 2017
231 4 2446 	 2005 	 2017
Time prediction:	1942	 1993
2740 4 1263 	 1998 	 2017
Time prediction:	1969	 2017
885 4 6086 	 1956 	 2017
Time prediction:	1959	 2017
2861 4 663 	 1990 	 1999
Time prediction:	1992	 2017
2800 8 7668 	 2000 	 2017
Time prediction:	1993	 2012
6173 4 6172 	 1928 	 1940
Time prediction:	2008	 2012
16 4 2382 	 2006 	 2007
Time prediction:	1978	 1998
5883 3 5349 	 2006 	 2017
Time prediction:	2011	 2017
7755 8 7792 	 1905 	 2017
Time prediction:	1910	 2017
2876 4 2557 	 2006 	 2012
Time prediction:	2007	 2009
7918 9 8113 	 1965 	 2017
Time prediction:	1933	 2017
6217 4 3764 	 1877 	 2017
Time prediction:	2007	 2009
2467 4 375 	 1943 	 1950
Time prediction:	1966	 1999
6199 4 3522 	 1970 	 1984
Time prediction:	2007	 2009
5270 3 5349 	 2014 	 2017
Time prediction:	2011	 2017
4351 2 4869 	 2007 	 2010
Time prediction:	2004	 2010
915 4 3605 	 1940 	 2017
Time prediction:	1938	 2017
1866 4 538 	 1988 	 2017
Time prediction:	2001	 2007
261 4 192 	 1957 	 1964
Time prediction:	2008	 2012
1793 3 5198 	 1949 	 2017
Time prediction:	1987	 2017
1025 8 7659 	 1999 	 2000
Time prediction:	2000	 2017
5329 3 5560 	 2009 	 2017
Time prediction:	2011	 2017
5180 3 5179 	 1976 	 2017
Time prediction:	2016	 2017
1690 4 2332 	 2003 	 2017
Time prediction:	1942	 1993
1821 3 5179 	 2016 	 2017
Time prediction:	2016	 2017
5630 3 5198 	 1972 	 2017
Time prediction:	1987	 2017
622 2 4448 	 2007 	 2017
Time prediction:	2006	 2007
2803 4 3772 	 2007 	 2017
Time prediction:	1997	 2017
6275 4 3643 	 1932 	 1961
Time prediction:	1969	 2017
2459 4 3637 	 1970 	 1973
Time prediction:	2007	 2017
1578 3 5172 	 2011 	 2017
Time prediction:	2013	 2017
604 4 1930 	 1991 	 2017
Time prediction:	1929	 1929
7629 8 7659 	 1926 	 2017
Time prediction:	2000	 2017
5435 3 5309 	 2009 	 2016
Time prediction:	2011	 2017
3430 4 3153 	 1987 	 2003
Time prediction:	1938	 2017
5280 3 5179 	 1952 	 2017
Time prediction:	2016	 2017
3372 4 2895 	 2001 	 2017
Time prediction:	1959	 2017
2552 4 2643 	 1992 	 2017
Time prediction:	1947	 2017
5699 3 5577 	 2005 	 2017
Time prediction:	1991	 2017
371 4 1353 	 2012 	 2015
Time prediction:	2001	 2007
854 3 5172 	 1982 	 2017
Time prediction:	2013	 2017
5270 3 5543 	 2014 	 2017
Time prediction:	2007	 2017
6183 4 668 	 1940 	 1943
Time prediction:	1174	 2017
634 4 2637 	 1997 	 2017
Time prediction:	1977	 1981
5981 4 1101 	 1955 	 1977
Time prediction:	2008	 2012
886 4 3548 	 1954 	 2008
Time prediction:	1953	 1953
1445 4 255 	 1942 	 1947
Time prediction:	1992	 2017
739 8 7659 	 1866 	 1869
Time prediction:	2000	 2017
1268 4 3683 	 1978 	 2017
Time prediction:	1988	 2007
1631 4 1402 	 1973 	 2017
Time prediction:	2007	 2009
5740 3 5309 	 1998 	 2017
Time prediction:	2011	 2017
532 4 354 	 2002 	 2015
Time prediction:	1174	 2017
1033 4 2520 	 2001 	 2017
Time prediction:	1977	 2017
1921 4 2915 	 1982 	 2010
Time prediction:	1990	 2017
1910 4 2081 	 1980 	 2017
Time prediction:	1977	 2017
2000 3 5172 	 1966 	 2017
Time prediction:	2013	 2017
3021 4 6049 	 1942 	 1954
Time prediction:	1958	 2017
1389 4 3238 	 2004 	 2008
Time prediction:	1174	 2017
989 3 5172 	 1995 	 2017
Time prediction:	2013	 2017
2345 3 5198 	 1917 	 2017
Time prediction:	1987	 2017
2701 2 4586 	 1999 	 2017
Time prediction:	2009	 2010
2691 3 5261 	 1973 	 2017
Time prediction:	1893	 2017
6205 4 6204 	 1677 	 2017
Time prediction:	2015	 2017
774 4 2046 	 1949 	 2013
Time prediction:	1959	 2017
2447 3 5172 	 1976 	 2017
Time prediction:	2013	 2017
7538 9 8348 	 1948 	 2017
Time prediction:	1973	 1976
1841 4 1761 	 2016 	 2017
Time prediction:	2008	 2012
2712 4 1416 	 1980 	 2017
Time prediction:	1969	 2017
3138 4 6192 	 1951 	 1978
Time prediction:	1959	 2017
5738 3 5172 	 1993 	 2017
Time prediction:	2013	 2017
3651 4 2583 	 2004 	 2017
Time prediction:	1953	 1953
7424 9 7990 	 2007 	 2014
Time prediction:	1802	 1878
1782 4 2790 	 1967 	 1979
Time prediction:	1956	 2017
2710 4 1916 	 2005 	 2017
Time prediction:	1969	 2017
7769 8 7652 	 1931 	 2017
Time prediction:	1945	 2017
5253 3 5321 	 2000 	 2017
Time prediction:	2007	 2017
1758 2 4492 	 2008 	 2013
Time prediction:	2009	 2016
363 4 2290 	 2007 	 2010
Time prediction:	1953	 1953
3376 4 1139 	 1943 	 2008
Time prediction:	1929	 1929
1789 8 7652 	 1931 	 2017
Time prediction:	1945	 2017
1056 2 4570 	 2005 	 2017
Time prediction:	2010	 2012
6067 4 1708 	 1995 	 2000
Time prediction:	1954	 1992
1259 4 373 	 1936 	 1950
Time prediction:	1938	 2017
2121 4 3272 	 1940 	 1944
Time prediction:	1978	 1998
5582 3 5261 	 1966 	 2017
Time prediction:	1893	 2017
2736 8 7720 	 1989 	 2017
Time prediction:	1990	 2000
871 4 768 	 1966 	 1975
Time prediction:	2007	 2009
3481 2 4586 	 2011 	 2017
Time prediction:	2009	 2010
3153 4 3430 	 1987 	 2003
Time prediction:	2007	 2009
5762 3 5309 	 2010 	 2017
Time prediction:	2011	 2017
6106 4 1018 	 1988 	 1991
Time prediction:	1969	 2017
5233 3 5163 	 1998 	 2017
Time prediction:	1995	 2017
3531 9 7958 	 1997 	 2017
Time prediction:	2015	 2017
3186 4 3769 	 1980 	 2017
Time prediction:	1992	 2017
6267 4 938 	 1895 	 1931
Time prediction:	1929	 1929
5715 3 5336 	 2013 	 2017
Time prediction:	1992	 2017
1151 4 3431 	 1974 	 1980
Time prediction:	2007	 2009
369 4 1853 	 1990 	 1994
Time prediction:	1969	 2017
1891 4 6276 	 1972 	 1989
Time prediction:	1953	 1953
5393 3 5198 	 1948 	 2017
Time prediction:	1987	 2017
108 3 5172 	 1967 	 2017
Time prediction:	2013	 2017
2169 4 1475 	 1950 	 1955
Time prediction:	1988	 2007
2885 4 3188 	 1920 	 1942
Time prediction:	1929	 1929
6291 4 1378 	 1931 	 2017
Time prediction:	2008	 2012
895 3 5516 	 2004 	 2017
Time prediction:	1995	 2017
6122 4 2448 	 1961 	 1964
Time prediction:	1992	 2017
5575 3 5179 	 1937 	 2017
Time prediction:	2016	 2017
1740 4 6021 	 1980 	 2017
Time prediction:	2007	 2009
5642 3 5179 	 1993 	 2017
Time prediction:	2016	 2017
3049 4 2494 	 1984 	 2017
Time prediction:	1942	 1993
3058 8 7743 	 1990 	 2017
Time prediction:	1991	 2017
5865 3 5172 	 1993 	 2017
Time prediction:	2013	 2017
4752 2 5136 	 2009 	 2017
Time prediction:	2006	 2010
1803 4 6178 	 1967 	 1978
Time prediction:	2008	 2012
7777 8 7652 	 1931 	 2017
Time prediction:	1917	 2017
1976 3 5247 	 1989 	 1992
Time prediction:	2010	 2015
5624 3 5198 	 1947 	 2017
Time prediction:	1987	 2017
88 4 1668 	 1997 	 2006
Time prediction:	1956	 2017
3745 4 2483 	 1976 	 1999
Time prediction:	2008	 2012
831 2 4853 	 2000 	 2017
Time prediction:	2016	 2017
7789 8 7659 	 1996 	 2017
Time prediction:	2000	 2017
970 9 8551 	 1984 	 2017
Time prediction:	1980	 2017
1702 4 1271 	 2011 	 2017
Time prediction:	1969	 2017
2274 2 4626 	 2015 	 2016
Time prediction:	1992	 2017
3185 4 2678 	 1931 	 1944
Time prediction:	1978	 1998
763 4 3306 	 1909 	 1935
Time prediction:	1978	 1998
7704 8 7677 	 1923 	 2017
Time prediction:	1945	 2017
6116 4 6117 	 1959 	 1978
Time prediction:	1969	 2017
3479 3 5198 	 1954 	 2017
Time prediction:	1987	 2017
3026 4 401 	 1990 	 2017
Time prediction:	1990	 2017
5456 3 5802 	 2014 	 2017
Time prediction:	1995	 2017
4617 2 4277 	 1995 	 2017
Time prediction:	1992	 1996
832 3 5321 	 2011 	 2017
Time prediction:	2007	 2017
1758 2 4407 	 2006 	 2007
Time prediction:	2009	 2016
3377 3 5321 	 1994 	 2017
Time prediction:	2007	 2017
2549 4 861 	 1991 	 1993
Time prediction:	1969	 2017
2182 4 1682 	 1979 	 2017
Time prediction:	1988	 1992
784 4 3464 	 2003 	 2017
Time prediction:	1946	 1961
5381 3 5198 	 1840 	 1843
Time prediction:	1987	 2017
801 4 1703 	 2001 	 2017
Time prediction:	2008	 2012
2097 4 107 	 1926 	 1968
Time prediction:	2007	 2009
6084 4 2304 	 1956 	 1964
Time prediction:	1962	 1969
7598 8 7659 	 1974 	 1982
Time prediction:	2000	 2017
5578 3 5198 	 1978 	 2017
Time prediction:	1987	 2017
1293 4 6142 	 1910 	 2017
Time prediction:	1992	 2017
254 4 6220 	 1963 	 2017
Time prediction:	2008	 2012
2655 4 3216 	 1984 	 2017
Time prediction:	1960	 2017
5329 3 5208 	 2009 	 2014
Time prediction:	1997	 2017
980 2 5118 	 2009 	 2011
Time prediction:	2008	 2011
3310 4 3650 	 2003 	 2017
Time prediction:	1988	 2015
1948 4 3661 	 2002 	 2017
Time prediction:	2008	 2012
3599 3 5172 	 2000 	 2017
Time prediction:	2013	 2017
3563 4 3017 	 1931 	 1937
Time prediction:	2008	 2012
2859 2 4951 	 2009 	 2010
Time prediction:	2009	 2017
3396 2 4452 	 2010 	 2017
Time prediction:	2016	 2017
2811 4 3640 	 2000 	 2017
Time prediction:	1954	 1960
5222 3 5339 	 1981 	 2017
Time prediction:	2011	 2017
2303 4 3225 	 1985 	 1989
Time prediction:	1937	 1937
1687 4 44 	 2012 	 2017
Time prediction:	1938	 2017
2567 8 7659 	 1996 	 1997
Time prediction:	2000	 2017
1171 4 2524 	 1999 	 2016
Time prediction:	1990	 2017
3396 2 4601 	 2011 	 2017
Time prediction:	2016	 2017
318 4 1212 	 2002 	 2017
Time prediction:	1969	 2017
3519 4 1100 	 2011 	 2017
Time prediction:	1966	 1999
4887 2 4283 	 2006 	 2007
Time prediction:	2013	 2014
66 4 767 	 2000 	 2005
Time prediction:	1962	 1970
6041 4 1774 	 1958 	 2000
Time prediction:	1969	 2017
3571 3 5172 	 2007 	 2017
Time prediction:	2013	 2017
3396 2 4407 	 2013 	 2017
Time prediction:	2016	 2017
857 4 3161 	 2005 	 2017
Time prediction:	2007	 2009
3053 4 3636 	 1934 	 1974
Time prediction:	1988	 2007
4516 2 4283 	 1997 	 2002
Time prediction:	2013	 2014
2830 4 6063 	 1916 	 1918
Time prediction:	1922	 1973
3116 4 1637 	 1980 	 2017
Time prediction:	2008	 2012
2028 4 2149 	 1958 	 1965
Time prediction:	2015	 2017
7508 8 7677 	 1917 	 2017
Time prediction:	1945	 2017
699 3 5172 	 1980 	 2017
Time prediction:	2013	 2017
291 2 4774 	 2006 	 2007
Time prediction:	2002	 2011
2986 4 2198 	 1962 	 1985
Time prediction:	1929	 1929
2321 2 4924 	 2013 	 2014
Time prediction:	2009	 2017
3703 4 1508 	 1978 	 2017
Time prediction:	1938	 2017
5383 3 5179 	 1967 	 2017
Time prediction:	2016	 2017
1790 4 1604 	 1937 	 2017
Time prediction:	1968	 1982
5510 3 5172 	 2003 	 2017
Time prediction:	2013	 2017
987 4 1755 	 1972 	 1986
Time prediction:	2008	 2012
986 4 3597 	 1997 	 2000
Time prediction:	1969	 2017
2531 4 3477 	 1962 	 2017
Time prediction:	1959	 2017
5880 3 5179 	 1977 	 2017
Time prediction:	2016	 2017
1893 4 3214 	 1997 	 2000
Time prediction:	1969	 2017
980 2 4357 	 2013 	 2017
Time prediction:	2008	 2011
2052 8 7677 	 1917 	 2017
Time prediction:	1945	 2017
2006 4 2166 	 2007 	 2017
Time prediction:	1992	 2017
3521 3 5172 	 1979 	 2017
Time prediction:	2013	 2017
6082 4 6081 	 1939 	 1997
Time prediction:	1968	 2017
1978 4 6191 	 1947 	 1993
Time prediction:	1938	 2017
576 4 1839 	 1973 	 1983
Time prediction:	1969	 2017
3685 4 766 	 1999 	 2017
Time prediction:	1954	 1992
2610 3 5365 	 1997 	 2017
Time prediction:	1983	 2017
25 4 731 	 2000 	 2017
Time prediction:	2008	 2012
2431 2 4285 	 2012 	 2013
Time prediction:	2004	 2010
1656 4 1814 	 1988 	 2015
Time prediction:	1938	 2017
2465 4 2484 	 1987 	 2017
Time prediction:	1922	 1973
5419 3 5271 	 1996 	 2009
Time prediction:	2010	 2015
907 4 1148 	 1997 	 2017
Time prediction:	1954	 1960
1507 4 1987 	 1934 	 1935
Time prediction:	1969	 2017
1228 8 7720 	 1989 	 2017
Time prediction:	1990	 2000
1751 4 2919 	 1962 	 1970
Time prediction:	2007	 2009
2738 8 7659 	 2001 	 2017
Time prediction:	2000	 2017
6226 4 374 	 1931 	 1967
Time prediction:	1969	 2017
1859 3 5356 	 2011 	 2017
Time prediction:	2007	 2017
2529 4 6240 	 1980 	 1987
Time prediction:	1942	 1993
3114 3 5330 	 1999 	 2017
Time prediction:	1998	 2017
1954 4 312 	 1984 	 2010
Time prediction:	1942	 1993
68 4 1123 	 1929 	 1975
Time prediction:	1959	 2017
1059 2 4803 	 2010 	 2017
Time prediction:	2015	 2017
3529 4 2748 	 2012 	 2017
Time prediction:	2007	 2009
2172 3 5802 	 1995 	 2017
Time prediction:	1995	 2017
5661 3 5271 	 2011 	 2017
Time prediction:	2010	 2015
2475 3 5172 	 1965 	 2017
Time prediction:	2013	 2017
1758 2 4270 	 2013 	 2017
Time prediction:	2009	 2016
1681 4 303 	 2015 	 2017
Time prediction:	2008	 2012
6313 4 3126 	 1950 	 1960
Time prediction:	2008	 2012
4752 2 5065 	 2015 	 2017
Time prediction:	2006	 2010
576 4 355 	 1999 	 2017
Time prediction:	1978	 1998
563 8 7677 	 1921 	 2017
Time prediction:	1945	 2017
2527 4 2436 	 1906 	 1977
Time prediction:	1962	 1969
219 2 4283 	 2005 	 2017
Time prediction:	2013	 2014
5411 3 5261 	 2013 	 2017
Time prediction:	1893	 2017
4385 2 4481 	 2008 	 2017
Time prediction:	2004	 2006
2617 4 3246 	 1980 	 2017
Time prediction:	1962	 1969
5828 3 5163 	 1977 	 1988
Time prediction:	1995	 2017
1048 3 5475 	 2000 	 2017
Time prediction:	1994	 2017
2172 3 5457 	 1995 	 2017
Time prediction:	2010	 2017
2321 2 4469 	 2009 	 2017
Time prediction:	2009	 2017
146 4 1036 	 1941 	 1961
Time prediction:	2008	 2012
1649 4 3618 	 2007 	 2017
Time prediction:	1938	 2017
6050 4 2750 	 1944 	 1958
Time prediction:	2008	 2012
6024 4 6025 	 1903 	 2017
Time prediction:	1992	 2017
6307 4 3719 	 1944 	 1952
Time prediction:	2007	 2009
5750 4 5514 	 1991 	 2017
Time prediction:	1942	 1993
5323 3 5390 	 2001 	 2010
Time prediction:	2006	 2017
4836 2 4382 	 2011 	 2017
Time prediction:	2005	 2011
1758 2 4994 	 2010 	 2017
Time prediction:	2009	 2016
5708 3 5709 	 1965 	 2017
Time prediction:	1960	 2017
2872 4 1706 	 1974 	 1976
Time prediction:	1962	 1969
2099 4 702 	 1998 	 2017
Time prediction:	1969	 2017
1430 4 1730 	 1901 	 2017
Time prediction:	1947	 2017
2400 2 4283 	 2008 	 2010
Time prediction:	2013	 2014
4617 2 4273 	 1981 	 1986
Time prediction:	1992	 1996
4851 2 4489 	 2006 	 2004
Time prediction:	2013	 2017
2422 4 750 	 1997 	 2007
Time prediction:	1968	 2017
2423 3 5172 	 1999 	 2017
Time prediction:	2013	 2017
7714 8 7655 	 1950 	 2017
Time prediction:	2016	 2017
895 3 5239 	 2004 	 2017
Time prediction:	2016	 2017
3396 2 4762 	 2012 	 2017
Time prediction:	2016	 2017
3054 4 1191 	 2007 	 2017
Time prediction:	2007	 2009
6259 4 1288 	 1968 	 1984
Time prediction:	1988	 2015
2925 4 2245 	 2006 	 2009
Time prediction:	2007	 2009
2082 4 1456 	 1984 	 2002
Time prediction:	1990	 2017
2064 3 5198 	 1971 	 2017
Time prediction:	1987	 2017
5925 3 5457 	 1994 	 2017
Time prediction:	2010	 2017
2610 3 5325 	 1996 	 2017
Time prediction:	1983	 2017
2528 2 4448 	 2002 	 2003
Time prediction:	2006	 2007
5722 3 5198 	 1958 	 2017
Time prediction:	1987	 2017
7831 8 7703 	 2002 	 2007
Time prediction:	2002	 2007
476 4 382 	 2007 	 2017
Time prediction:	1962	 1969
150 4 1068 	 1987 	 2017
Time prediction:	1977	 1981
7623 8 7736 	 1916 	 2017
Time prediction:	1917	 2017
7504 8 7677 	 1924 	 1932
Time prediction:	1945	 2017
3172 4 5975 	 1961 	 1965
Time prediction:	1962	 1970
5213 3 5179 	 2007 	 2017
Time prediction:	2016	 2017
6047 4 2477 	 1969 	 1975
Time prediction:	1988	 2015
4704 2 4283 	 1996 	 2005
Time prediction:	2013	 2014
2045 4 931 	 1980 	 1999
Time prediction:	1942	 1993
1758 2 4639 	 2007 	 2008
Time prediction:	2009	 2016
1909 8 7659 	 1984 	 2017
Time prediction:	2000	 2017
5298 3 5198 	 1830 	 2017
Time prediction:	1987	 2017
1655 3 5163 	 1991 	 2017
Time prediction:	1995	 2017
1129 4 1865 	 1966 	 1990
Time prediction:	2007	 2009
1990 3 5212 	 2013 	 2017
Time prediction:	2014	 2017
3224 2 4283 	 2006 	 2008
Time prediction:	2013	 2014
6174 4 2367 	 1929 	 2017
Time prediction:	1978	 1998
0 4 2705 	 1966 	 1980
Time prediction:	1969	 2017
434 4 3705 	 1988 	 2017
Time prediction:	1969	 2017
3311 3 5198 	 1953 	 2017
Time prediction:	1987	 2017
5700 3 5560 	 2011 	 2017
Time prediction:	2011	 2017
2801 4 6233 	 1934 	 1941
Time prediction:	1938	 2017
592 3 5179 	 1940 	 2017
Time prediction:	2016	 2017
7702 8 7654 	 2009 	 2017
Time prediction:	2007	 2017
2718 4 1981 	 2000 	 2009
Time prediction:	1969	 2017
1046 4 1847 	 1973 	 1994
Time prediction:	1997	 2017
5276 3 5166 	 1967 	 2017
Time prediction:	1994	 2017
2321 2 4331 	 1993 	 2000
Time prediction:	2009	 2017
1510 8 7677 	 1917 	 2017
Time prediction:	1945	 2017
5797 3 5198 	 1854 	 2017
Time prediction:	1987	 2017
2160 4 1063 	 1987 	 2003
Time prediction:	1938	 2017
3291 4 3570 	 1961 	 2017
Time prediction:	2008	 2012
48 4 2504 	 1925 	 1945
Time prediction:	1938	 2017
3763 4 3128 	 1950 	 2017
Time prediction:	1922	 1973
1154 4 6274 	 1950 	 2006
Time prediction:	1999	 2017
5659 3 5339 	 2010 	 2017
Time prediction:	2011	 2017
1506 4 900 	 1957 	 1993
Time prediction:	1955	 1990
1059 2 5020 	 2004 	 2005
Time prediction:	2015	 2017
6056 4 2470 	 1946 	 1979
Time prediction:	2008	 2012
4391 2 4458 	 2007 	 2010
Time prediction:	2007	 2017
856 4 1513 	 1974 	 1981
Time prediction:	1990	 2017
5422 3 5179 	 1900 	 2017
Time prediction:	2016	 2017
6534 9 7990 	 2014 	 2015
Time prediction:	2015	 2017
2431 2 4484 	 2011 	 2017
Time prediction:	2004	 2010
7819 8 7743 	 1990 	 2017
Time prediction:	1991	 2017
962 4 3582 	 1987 	 2017
Time prediction:	2007	 2009
890 3 5198 	 1904 	 2017
Time prediction:	1987	 2017
5615 3 5179 	 1961 	 2017
Time prediction:	2016	 2017
2172 3 5163 	 1995 	 2017
Time prediction:	1995	 2017
5726 3 5179 	 1929 	 2017
Time prediction:	2016	 2017
6108 4 3412 	 1985 	 1994
Time prediction:	1954	 1960
6281 4 1167 	 1950 	 1962
Time prediction:	1977	 2017
6089 4 1362 	 1963 	 1967
Time prediction:	1969	 2017
1975 4 6210 	 1968 	 2017
Time prediction:	2007	 2009
6113 4 3430 	 1955 	 1974
Time prediction:	1959	 2017
4692 2 4753 	 2012 	 2013
Time prediction:	2009	 2017
2060 4 1565 	 1988 	 1999
Time prediction:	1977	 2017
2775 4 6167 	 1990 	 2017
Time prediction:	2008	 2012
4960 2 4348 	 1998 	 1999
Time prediction:	2004	 2005
5392 3 5802 	 1977 	 2017
Time prediction:	1995	 2017
2607 8 7659 	 2007 	 2017
Time prediction:	2000	 2017
1456 8 7659 	 1980 	 2017
Time prediction:	2000	 2017
7673 8 7659 	 1854 	 1870
Time prediction:	2000	 2017
8151 9 8509 	 2011 	 2012
Time prediction:	2015	 2017
1320 4 2154 	 2003 	 2013
Time prediction:	1969	 2017
1172 4 3391 	 1955 	 1962
Time prediction:	2007	 2009
3008 4 2161 	 1990 	 1999
Time prediction:	1962	 1969
979 4 1037 	 1980 	 2011
Time prediction:	1959	 2017
356 4 6282 	 1966 	 1967
Time prediction:	1954	 1960
5823 3 5198 	 1853 	 2017
Time prediction:	1987	 2017
5302 3 5179 	 2003 	 2017
Time prediction:	2016	 2017
2765 3 5172 	 1982 	 2017
Time prediction:	2013	 2017
5368 3 5689 	 2003 	 2017
Time prediction:	2005	 2017
919 4 2326 	 2009 	 2017
Time prediction:	1988	 2007
2019 4 2615 	 2016 	 2017
Time prediction:	1969	 2017
349 8 7694 	 1997 	 2000
Time prediction:	2003	 2017
980 2 4756 	 2002 	 2011
Time prediction:	2008	 2011
964 4 3413 	 2005 	 2017
Time prediction:	1962	 1969
3900 3 5172 	 2000 	 2017
Time prediction:	2013	 2017
