Number of test facts:	936
5693 3 5339 	 1986 	 2017
Time prediction:	1967	 2017
1461 3 5227 	 2003 	 2017
Time prediction:	2010	 2017
3609 4 6257 	 1927 	 1975
Time prediction:	1942	 1993
12 4 1683 	 2011 	 2017
Time prediction:	1997	 2017
2243 3 5184 	 1950 	 2017
Time prediction:	1946	 2017
5393 3 5261 	 1937 	 2017
Time prediction:	1956	 2017
1297 3 5172 	 1992 	 2017
Time prediction:	1986	 2017
1949 4 6093 	 1998 	 2017
Time prediction:	1962	 1969
291 2 4364 	 2003 	 2010
Time prediction:	2002	 2011
3861 3 5172 	 1988 	 2017
Time prediction:	1986	 2017
7506 8 7672 	 1947 	 1948
Time prediction:	1984	 1994
5701 3 5181 	 1962 	 2017
Time prediction:	1970	 2017
231 4 2446 	 2005 	 2017
Time prediction:	1968	 2017
1300 7 79 	 2010 	 2010
Time prediction:	1936	 1937
2606 3 5467 	 1990 	 2017
Time prediction:	1983	 2017
570 3 5377 	 1858 	 2017
Time prediction:	1908	 2017
5756 3 5367 	 1913 	 2017
Time prediction:	1970	 2017
5866 3 5867 	 1994 	 2017
Time prediction:	1991	 2017
7437 6 7438 	 1937 	 2017
Time prediction:	1994	 2017
2740 4 1263 	 1998 	 2017
Time prediction:	1990	 2017
885 4 6086 	 1956 	 2017
Time prediction:	2008	 2012
2861 4 663 	 1990 	 1999
Time prediction:	1951	 1992
3092 8 7830 	 1922 	 2017
Time prediction:	2009	 2017
3327 6 7455 	 1980 	 2017
Time prediction:	1950	 2017
4707 2 4456 	 1995 	 1996
Time prediction:	1999	 2003
1587 8 7653 	 1854 	 1861
Time prediction:	2001	 2011
2800 8 7668 	 2000 	 2017
Time prediction:	1984	 2017
6173 4 6172 	 1928 	 1940
Time prediction:	1942	 1993
16 4 2382 	 2006 	 2007
Time prediction:	1959	 2017
412 3 5340 	 1958 	 2017
Time prediction:	1935	 2017
5795 3 5673 	 1992 	 2017
Time prediction:	1967	 2017
5883 3 5349 	 2006 	 2017
Time prediction:	2011	 2017
1137 3 5340 	 1929 	 2017
Time prediction:	1935	 2017
2706 8 7749 	 1985 	 2000
Time prediction:	2014	 2017
266 8 7724 	 1945 	 1954
Time prediction:	1864	 1910
7755 8 7792 	 1905 	 2017
Time prediction:	1910	 2017
2876 4 2557 	 2006 	 2012
Time prediction:	2008	 2012
31 8 7669 	 1999 	 2014
Time prediction:	1872	 2017
1721 3 5529 	 2008 	 2017
Time prediction:	1994	 2017
7918 9 8113 	 1965 	 2017
Time prediction:	1973	 1973
1233 8 7653 	 1828 	 1835
Time prediction:	1868	 1869
6217 4 3764 	 1877 	 2017
Time prediction:	1966	 1999
3452 8 7749 	 1991 	 2007
Time prediction:	1853	 1885
2467 4 375 	 1943 	 1950
Time prediction:	1947	 2017
6199 4 3522 	 1970 	 1984
Time prediction:	1969	 1969
5270 3 5349 	 2014 	 2017
Time prediction:	2011	 2017
3237 8 7715 	 2012 	 2017
Time prediction:	1931	 2017
2512 6 7456 	 1940 	 2017
Time prediction:	1994	 2017
4351 2 4869 	 2007 	 2010
Time prediction:	2004	 2010
2860 2 4769 	 1991 	 2017
Time prediction:	2013	 2014
1497 3 5367 	 1972 	 2017
Time prediction:	1979	 2017
5618 3 5406 	 1990 	 2017
Time prediction:	2006	 2017
1087 1 4013 	 1943 	 1956
Time prediction:	2007	 2017
1675 2 4236 	 1992 	 2017
Time prediction:	2005	 2017
5047 2 5048 	 2013 	 2015
Time prediction:	2001	 2017
915 4 3605 	 1940 	 2017
Time prediction:	1966	 1999
1866 4 538 	 1988 	 2017
Time prediction:	1938	 2017
261 4 192 	 1957 	 1964
Time prediction:	1942	 1993
3016 3 5838 	 2009 	 2017
Time prediction:	2013	 2017
1793 3 5198 	 1949 	 2017
Time prediction:	1987	 2017
1025 8 7659 	 1999 	 2000
Time prediction:	2000	 2017
1208 8 7691 	 1901 	 2017
Time prediction:	2009	 2017
5329 3 5560 	 2009 	 2017
Time prediction:	2011	 2017
4404 2 4481 	 2000 	 2005
Time prediction:	2002	 2003
7786 8 7739 	 1979 	 1983
Time prediction:	1855	 1887
503 2 4236 	 1998 	 1999
Time prediction:	2005	 2017
201 8 7829 	 1983 	 1991
Time prediction:	1931	 2017
3166 3 5725 	 1979 	 2017
Time prediction:	2003	 2017
7709 8 7654 	 2014 	 2017
Time prediction:	1984	 2017
5866 3 5221 	 1976 	 2017
Time prediction:	1978	 2017
5265 3 5177 	 1999 	 2017
Time prediction:	2015	 2017
1043 3 5248 	 2014 	 2017
Time prediction:	1960	 2017
5816 3 5194 	 2011 	 2017
Time prediction:	2013	 2017
7450 6 3831 	 1924 	 2017
Time prediction:	1993	 2017
5626 3 5169 	 1988 	 2017
Time prediction:	1995	 2017
5180 3 5179 	 1976 	 2017
Time prediction:	2016	 2017
1690 4 2332 	 2003 	 2017
Time prediction:	1942	 1993
5612 3 5228 	 2009 	 2017
Time prediction:	1999	 2017
2145 8 7653 	 1983 	 2017
Time prediction:	2014	 2017
4375 2 4331 	 2015 	 2016
Time prediction:	2003	 2017
2441 8 7847 	 2003 	 2017
Time prediction:	1970	 2016
1821 3 5179 	 2016 	 2017
Time prediction:	2016	 2017
3812 6 3954 	 1955 	 2017
Time prediction:	1900	 1948
5630 3 5198 	 1972 	 2017
Time prediction:	1987	 2017
3891 1 3828 	 1995 	 1998
Time prediction:	2011	 2017
4126 1 4013 	 1943 	 1956
Time prediction:	2011	 2017
622 2 4448 	 2007 	 2017
Time prediction:	2006	 2007
4643 2 4769 	 2006 	 2017
Time prediction:	2013	 2014
2010 8 7691 	 1901 	 2017
Time prediction:	1984	 2017
5438 3 5670 	 1994 	 2017
Time prediction:	1973	 2017
1485 6 3884 	 1967 	 2017
Time prediction:	1946	 1976
5189 3 5377 	 1992 	 2017
Time prediction:	1908	 2017
2204 3 5389 	 1971 	 2017
Time prediction:	1964	 2017
2803 4 3772 	 2007 	 2017
Time prediction:	1982	 2017
7467 6 3987 	 1982 	 2017
Time prediction:	1985	 1989
6275 4 3643 	 1932 	 1961
Time prediction:	1962	 1969
2459 4 3637 	 1970 	 1973
Time prediction:	1922	 1973
4393 2 4253 	 2002 	 2005
Time prediction:	2004	 2006
5645 3 5503 	 1998 	 2017
Time prediction:	2001	 2017
4101 1 3967 	 1940 	 1949
Time prediction:	2007	 2017
7596 8 7807 	 1995 	 2004
Time prediction:	1994	 2007
5524 3 5177 	 1928 	 2017
Time prediction:	2015	 2017
5574 3 5248 	 1970 	 2017
Time prediction:	1960	 2017
2701 2 4339 	 2008 	 2010
Time prediction:	2005	 2017
7596 8 7731 	 1992 	 2017
Time prediction:	2001	 2003
4724 2 4639 	 2003 	 2004
Time prediction:	1999	 2017
1578 3 5172 	 2011 	 2017
Time prediction:	1986	 2017
5927 3 5360 	 2007 	 2017
Time prediction:	1962	 2017
604 4 1930 	 1991 	 2017
Time prediction:	2015	 2017
4625 2 4714 	 2015 	 2016
Time prediction:	1996	 1997
7629 8 7659 	 1926 	 2017
Time prediction:	2000	 2017
4568 2 4236 	 2004 	 2005
Time prediction:	2005	 2017
3090 2 4787 	 1999 	 2004
Time prediction:	1992	 2017
5839 3 5246 	 1996 	 2017
Time prediction:	2005	 2017
5435 3 5309 	 2009 	 2016
Time prediction:	2003	 2017
3430 4 3153 	 1987 	 2003
Time prediction:	1969	 2017
5280 3 5179 	 1952 	 2017
Time prediction:	2016	 2017
3939 6 3813 	 1969 	 1971
Time prediction:	1993	 2017
881 3 5479 	 1888 	 2017
Time prediction:	1978	 2017
5511 3 5520 	 1980 	 2017
Time prediction:	1949	 2017
3372 4 2895 	 2001 	 2017
Time prediction:	1954	 1992
1284 6 3973 	 1942 	 2017
Time prediction:	1994	 2017
2205 6 3878 	 1948 	 2017
Time prediction:	1994	 2017
3052 3 5486 	 1988 	 2017
Time prediction:	1979	 2017
2860 2 4240 	 1985 	 1992
Time prediction:	2003	 2017
2552 4 2643 	 1992 	 2017
Time prediction:	1969	 2017
5699 3 5577 	 2005 	 2017
Time prediction:	2008	 2017
371 4 1353 	 2012 	 2015
Time prediction:	2008	 2012
854 3 5172 	 1982 	 2017
Time prediction:	1986	 2017
5270 3 5543 	 2014 	 2017
Time prediction:	1991	 2017
5200 3 5195 	 1902 	 2017
Time prediction:	1867	 2017
4274 2 4541 	 2012 	 2013
Time prediction:	1998	 2017
6183 4 668 	 1940 	 1943
Time prediction:	1969	 2017
634 4 2637 	 1997 	 2017
Time prediction:	2001	 2007
7628 8 7653 	 1999 	 2007
Time prediction:	2011	 2017
1605 5 6691 	 1988 	 1993
Time prediction:	1959	 2017
2178 3 5340 	 1951 	 2017
Time prediction:	1946	 2017
2588 8 7746 	 1999 	 2005
Time prediction:	2014	 2017
5981 4 1101 	 1955 	 1977
Time prediction:	1978	 1998
4359 2 4360 	 2002 	 2003
Time prediction:	1993	 2017
3739 6 3884 	 1927 	 1929
Time prediction:	1994	 2017
3882 1 4152 	 2008 	 2012
Time prediction:	2011	 2017
1280 3 5227 	 1993 	 2017
Time prediction:	2001	 2017
733 7 79 	 1994 	 1994
Time prediction:	1936	 1937
886 4 3548 	 1954 	 2008
Time prediction:	1977	 1981
1445 4 255 	 1942 	 1947
Time prediction:	1938	 2017
3181 3 5501 	 1985 	 2017
Time prediction:	1864	 2017
739 8 7659 	 1866 	 1869
Time prediction:	1861	 2017
5950 3 5365 	 1980 	 2017
Time prediction:	1988	 2017
7568 8 7759 	 1865 	 1866
Time prediction:	2014	 2017
1268 4 3683 	 1978 	 2017
Time prediction:	1962	 1969
4355 2 4236 	 1992 	 1993
Time prediction:	2005	 2017
4365 2 4323 	 2001 	 2017
Time prediction:	2005	 2017
1631 4 1402 	 1973 	 2017
Time prediction:	1978	 1998
5740 3 5309 	 1998 	 2017
Time prediction:	2003	 2017
2814 1 3871 	 1998 	 2002
Time prediction:	2007	 2017
4086 3 5464 	 2000 	 2017
Time prediction:	1964	 2017
7822 8 7652 	 1931 	 2017
Time prediction:	1945	 2017
532 4 354 	 2002 	 2015
Time prediction:	1962	 1969
3712 8 7733 	 2013 	 2017
Time prediction:	2009	 2017
5601 3 5602 	 1988 	 2017
Time prediction:	2011	 2017
840 8 7679 	 1995 	 1999
Time prediction:	1931	 2017
4311 2 4509 	 2004 	 2006
Time prediction:	2003	 2004
5291 3 5379 	 1907 	 2017
Time prediction:	1914	 2017
5039 2 4539 	 2005 	 2017
Time prediction:	2008	 2009
1033 4 2520 	 2001 	 2017
Time prediction:	1922	 1973
3515 8 7807 	 1992 	 2001
Time prediction:	1990	 2016
7707 8 7708 	 2000 	 2003
Time prediction:	2014	 2017
2879 3 5525 	 1973 	 2017
Time prediction:	1979	 2017
1921 4 2915 	 1982 	 2010
Time prediction:	1978	 1998
1910 4 2081 	 1980 	 2017
Time prediction:	2008	 2012
2548 3 5437 	 2012 	 2017
Time prediction:	1994	 2017
2000 3 5172 	 1966 	 2017
Time prediction:	1986	 2017
3021 4 6049 	 1942 	 1954
Time prediction:	1926	 1934
4488 2 4290 	 2013 	 2017
Time prediction:	1998	 2017
1389 4 3238 	 2004 	 2008
Time prediction:	1969	 2017
989 3 5172 	 1995 	 2017
Time prediction:	1986	 2017
2345 3 5198 	 1917 	 2017
Time prediction:	1987	 2017
2503 3 5546 	 1961 	 2017
Time prediction:	1923	 2017
2701 2 4586 	 1999 	 2017
Time prediction:	2009	 2010
7537 8 7663 	 1825 	 2017
Time prediction:	1911	 1930
5955 3 5160 	 1959 	 2017
Time prediction:	1955	 2017
2691 3 5261 	 1973 	 2017
Time prediction:	1893	 2017
511 2 4487 	 2007 	 2010
Time prediction:	2004	 2005
5916 3 5474 	 2014 	 2017
Time prediction:	1949	 2017
6205 4 6204 	 1677 	 2017
Time prediction:	1977	 2017
458 8 7764 	 1959 	 1962
Time prediction:	1994	 1999
4359 2 5064 	 2003 	 2004
Time prediction:	1993	 2017
1382 8 7787 	 1981 	 2002
Time prediction:	1995	 1997
5285 3 5858 	 1974 	 2017
Time prediction:	1986	 2017
774 4 2046 	 1949 	 2013
Time prediction:	1948	 1973
7514 8 7653 	 1828 	 1852
Time prediction:	1872	 1886
2447 3 5172 	 1976 	 2017
Time prediction:	1986	 2017
7538 9 8348 	 1948 	 2017
Time prediction:	2001	 2017
1841 4 1761 	 2016 	 2017
Time prediction:	1977	 1981
2712 4 1416 	 1980 	 2017
Time prediction:	1938	 2017
3138 4 6192 	 1951 	 1978
Time prediction:	2015	 2017
4812 2 4350 	 2005 	 2017
Time prediction:	2007	 2017
5738 3 5172 	 1993 	 2017
Time prediction:	1986	 2017
3651 4 2583 	 2004 	 2017
Time prediction:	1953	 1953
7424 9 7990 	 2007 	 2014
Time prediction:	2008	 2017
1782 4 2790 	 1967 	 1979
Time prediction:	2007	 2009
2710 4 1916 	 2005 	 2017
Time prediction:	2008	 2012
6195 7 79 	 1974 	 1974
Time prediction:	1936	 1937
4551 2 4589 	 2003 	 2017
Time prediction:	2004	 2017
7769 8 7652 	 1931 	 2017
Time prediction:	1945	 2017
5253 3 5321 	 2000 	 2017
Time prediction:	1970	 2017
1758 2 4492 	 2008 	 2013
Time prediction:	2009	 2016
7475 6 7436 	 1953 	 2017
Time prediction:	1997	 2017
5260 3 5483 	 2005 	 2017
Time prediction:	2006	 2017
363 4 2290 	 2007 	 2010
Time prediction:	1938	 2017
3376 4 1139 	 1943 	 2008
Time prediction:	1922	 1973
3417 3 5377 	 1932 	 2017
Time prediction:	1908	 2017
7557 8 7724 	 1926 	 2017
Time prediction:	1984	 1994
4340 2 4539 	 2001 	 2002
Time prediction:	2008	 2009
7547 8 7783 	 1792 	 1808
Time prediction:	1799	 1828
1610 7 79 	 1960 	 1960
Time prediction:	1936	 1937
844 2 4487 	 2000 	 2017
Time prediction:	2004	 2005
1789 8 7652 	 1931 	 2017
Time prediction:	1945	 2017
6137 7 79 	 2010 	 2010
Time prediction:	1936	 1937
1053 3 5503 	 1966 	 2017
Time prediction:	2006	 2017
3247 3 5214 	 2004 	 2017
Time prediction:	1967	 2017
1056 2 4570 	 2005 	 2017
Time prediction:	2010	 2012
6067 4 1708 	 1995 	 2000
Time prediction:	1990	 2017
5536 3 5681 	 1878 	 2017
Time prediction:	1887	 2017
1259 4 373 	 1936 	 1950
Time prediction:	2007	 2009
2121 4 3272 	 1940 	 1944
Time prediction:	1932	 1932
5582 3 5261 	 1966 	 2017
Time prediction:	1893	 2017
3039 2 4811 	 2001 	 2006
Time prediction:	1999	 2001
2724 3 5360 	 1991 	 2017
Time prediction:	1981	 2017
2736 8 7720 	 1989 	 2017
Time prediction:	1868	 1886
4998 2 4372 	 2011 	 2017
Time prediction:	2007	 2017
871 4 768 	 1966 	 1975
Time prediction:	1962	 1969
3481 2 4586 	 2011 	 2017
Time prediction:	2009	 2010
7491 8 7653 	 1903 	 1909
Time prediction:	1912	 1917
1237 2 4284 	 2002 	 2003
Time prediction:	2001	 2017
3153 4 3430 	 1987 	 2003
Time prediction:	2007	 2009
182 3 5479 	 1974 	 2017
Time prediction:	1978	 2017
4082 1 3848 	 1999 	 2009
Time prediction:	2007	 2017
5762 3 5309 	 2010 	 2017
Time prediction:	2003	 2017
6106 4 1018 	 1988 	 1991
Time prediction:	1938	 2017
5233 3 5163 	 1998 	 2017
Time prediction:	2010	 2017
2784 3 5220 	 1983 	 2017
Time prediction:	1935	 2017
3734 8 7684 	 1909 	 2017
Time prediction:	1887	 1906
3531 9 7958 	 1997 	 2017
Time prediction:	2010	 2017
4322 2 4769 	 1990 	 1993
Time prediction:	2013	 2014
2112 6 7453 	 1959 	 2017
Time prediction:	1994	 2017
3186 4 3769 	 1980 	 2017
Time prediction:	1959	 2017
3501 6 3957 	 1925 	 1927
Time prediction:	1900	 1948
2209 3 5341 	 1984 	 2017
Time prediction:	2000	 2017
830 3 5165 	 2007 	 2017
Time prediction:	1914	 2017
6503 5 6672 	 2005 	 2016
Time prediction:	1960	 2017
6267 4 938 	 1895 	 1931
Time prediction:	2008	 2012
1891 3 5367 	 1985 	 2017
Time prediction:	1970	 2017
5715 3 5336 	 2013 	 2017
Time prediction:	1992	 2017
1170 3 5391 	 1946 	 2017
Time prediction:	1945	 2017
1151 4 3431 	 1974 	 1980
Time prediction:	1990	 2017
6023 8 7654 	 1996 	 2017
Time prediction:	1996	 2017
3527 2 4478 	 1999 	 2001
Time prediction:	2003	 2017
455 3 5341 	 2013 	 2017
Time prediction:	2000	 2017
369 4 1853 	 1990 	 1994
Time prediction:	1938	 2017
1891 4 6276 	 1972 	 1989
Time prediction:	2015	 2017
5393 3 5198 	 1948 	 2017
Time prediction:	1956	 2017
108 3 5172 	 1967 	 2017
Time prediction:	1986	 2017
2169 4 1475 	 1950 	 1955
Time prediction:	1938	 2017
2885 4 3188 	 1920 	 1942
Time prediction:	2008	 2012
6291 4 1378 	 1931 	 2017
Time prediction:	1959	 2017
2979 3 5288 	 1850 	 2017
Time prediction:	1907	 2017
4413 2 4477 	 2009 	 2010
Time prediction:	1999	 2017
895 3 5516 	 2004 	 2017
Time prediction:	1995	 2017
6122 4 2448 	 1961 	 1964
Time prediction:	1929	 1929
5575 3 5179 	 1937 	 2017
Time prediction:	2016	 2017
1740 4 6021 	 1980 	 2017
Time prediction:	1938	 2017
5888 3 5259 	 2005 	 2006
Time prediction:	2012	 2017
2767 3 5535 	 1997 	 2017
Time prediction:	1978	 2017
7604 8 7781 	 1917 	 1920
Time prediction:	1931	 2017
5642 3 5179 	 1993 	 2017
Time prediction:	2016	 2017
890 3 5382 	 1923 	 2017
Time prediction:	1983	 2017
3049 4 2494 	 1984 	 2017
Time prediction:	1969	 2017
1834 2 4567 	 2008 	 2009
Time prediction:	2004	 2017
5347 3 5186 	 1985 	 2017
Time prediction:	1986	 2017
4280 2 4238 	 1993 	 1995
Time prediction:	1996	 1998
3058 8 7743 	 1990 	 2017
Time prediction:	1991	 2017
5865 3 5172 	 1993 	 2017
Time prediction:	1986	 2017
4752 2 5136 	 2009 	 2017
Time prediction:	2006	 2010
1803 4 6178 	 1967 	 1978
Time prediction:	2008	 2012
3011 7 79 	 2001 	 2001
Time prediction:	1936	 1937
5480 3 5423 	 1978 	 2017
Time prediction:	1984	 2017
5783 3 5479 	 1890 	 2017
Time prediction:	1978	 2017
3212 2 4236 	 1998 	 2017
Time prediction:	2005	 2017
4673 2 5018 	 2009 	 2014
Time prediction:	2010	 2017
1980 3 5220 	 1973 	 2017
Time prediction:	1935	 2017
7777 8 7652 	 1931 	 2017
Time prediction:	1931	 2017
1296 8 7783 	 1824 	 2017
Time prediction:	1848	 1856
2317 2 4458 	 2011 	 2017
Time prediction:	2005	 2006
1976 3 5247 	 1989 	 1992
Time prediction:	2010	 2015
5292 3 5206 	 1997 	 2017
Time prediction:	1940	 2017
5772 3 5268 	 1985 	 2017
Time prediction:	1962	 2017
5624 3 5198 	 1947 	 2017
Time prediction:	1987	 2017
1862 7 79 	 2011 	 2011
Time prediction:	1936	 1937
4369 2 4456 	 1999 	 2017
Time prediction:	1999	 2003
2631 2 4344 	 2010 	 2011
Time prediction:	2004	 2007
4643 2 4757 	 2004 	 2017
Time prediction:	2007	 2017
88 4 1668 	 1997 	 2006
Time prediction:	2008	 2012
4243 2 4291 	 2006 	 2017
Time prediction:	2006	 2017
5784 3 5694 	 1907 	 2017
Time prediction:	1929	 2017
1368 8 7812 	 1989 	 2001
Time prediction:	2009	 2017
7810 8 7747 	 2005 	 2017
Time prediction:	2016	 2017
2975 8 7692 	 2015 	 2017
Time prediction:	2002	 2017
7810 8 7841 	 1973 	 1980
Time prediction:	1994	 2017
1701 3 5340 	 1949 	 2017
Time prediction:	1935	 2017
3162 3 5377 	 1837 	 2017
Time prediction:	1838	 2017
6014 7 79 	 1988 	 1988
Time prediction:	1936	 1937
3745 4 2483 	 1976 	 1999
Time prediction:	1938	 2017
4938 2 5066 	 2002 	 2004
Time prediction:	2003	 2017
693 2 4268 	 2012 	 2014
Time prediction:	1996	 2000
5772 3 5220 	 1966 	 2017
Time prediction:	1962	 2017
831 2 4853 	 2000 	 2017
Time prediction:	2016	 2017
5495 3 5193 	 1988 	 2017
Time prediction:	1972	 2017
4587 2 4491 	 1993 	 1995
Time prediction:	1993	 2003
1613 2 4621 	 2014 	 2017
Time prediction:	2001	 2002
7789 8 7659 	 1996 	 2017
Time prediction:	2000	 2017
3231 3 5423 	 1991 	 2017
Time prediction:	1984	 2017
2238 3 5259 	 2001 	 2003
Time prediction:	2006	 2017
1111 6 3870 	 1939 	 1942
Time prediction:	1985	 1989
7575 8 7813 	 1988 	 2008
Time prediction:	1912	 1917
970 9 8551 	 1984 	 2017
Time prediction:	1802	 1878
1702 4 1271 	 2011 	 2017
Time prediction:	1966	 1999
2274 2 4626 	 2015 	 2016
Time prediction:	1992	 2017
4563 2 4476 	 2003 	 2017
Time prediction:	2003	 2017
3185 4 2678 	 1931 	 1944
Time prediction:	1977	 2017
4707 2 4489 	 1993 	 1996
Time prediction:	2013	 2017
4433 2 4240 	 2005 	 2006
Time prediction:	2003	 2017
182 3 5227 	 1985 	 2017
Time prediction:	2010	 2017
3521 3 5307 	 1959 	 2017
Time prediction:	1987	 2017
763 4 3306 	 1909 	 1935
Time prediction:	1966	 1999
5440 3 5195 	 2008 	 2017
Time prediction:	1939	 2017
7704 8 7677 	 1923 	 2017
Time prediction:	1945	 2017
6116 4 6117 	 1959 	 1978
Time prediction:	1929	 1929
3294 3 5389 	 1982 	 2017
Time prediction:	2003	 2017
7748 8 7679 	 2007 	 2016
Time prediction:	1984	 2017
4679 2 4680 	 2010 	 2011
Time prediction:	2013	 2017
4316 2 4526 	 2013 	 2014
Time prediction:	2006	 2008
3479 3 5198 	 1954 	 2017
Time prediction:	1987	 2017
5484 3 5753 	 1919 	 2017
Time prediction:	1945	 2017
3026 4 401 	 1990 	 2017
Time prediction:	1942	 1993
4704 2 4739 	 2009 	 2017
Time prediction:	2008	 2009
5456 3 5802 	 2014 	 2017
Time prediction:	2010	 2017
4744 2 4489 	 2001 	 2004
Time prediction:	2013	 2017
4617 2 4277 	 1995 	 2017
Time prediction:	1992	 1996
727 2 4348 	 1991 	 1992
Time prediction:	1991	 2017
1397 2 4708 	 1992 	 1993
Time prediction:	1988	 1991
832 3 5321 	 2011 	 2017
Time prediction:	2007	 2017
5568 3 5177 	 1937 	 2017
Time prediction:	2015	 2017
7626 8 7723 	 1933 	 2017
Time prediction:	1983	 2017
405 3 5367 	 1974 	 2017
Time prediction:	1970	 2017
1758 2 4407 	 2006 	 2007
Time prediction:	2009	 2016
3702 6 7446 	 1929 	 2017
Time prediction:	1934	 2017
3377 3 5321 	 1994 	 2017
Time prediction:	2007	 2017
3717 2 4618 	 2015 	 2016
Time prediction:	1999	 2017
1084 8 7654 	 2011 	 2017
Time prediction:	1971	 1994
2549 4 861 	 1991 	 1993
Time prediction:	1955	 1990
130 2 4291 	 2001 	 2003
Time prediction:	2006	 2017
4398 2 4489 	 1993 	 1996
Time prediction:	2013	 2017
4326 2 4661 	 2006 	 2008
Time prediction:	2007	 2017
1980 1 4204 	 1988 	 2008
Time prediction:	2007	 2017
4523 2 4515 	 2004 	 2005
Time prediction:	2011	 2012
2182 4 1682 	 1979 	 2017
Time prediction:	1954	 1992
784 4 3464 	 2003 	 2017
Time prediction:	1942	 1993
5381 3 5198 	 1840 	 1843
Time prediction:	1987	 2017
3147 2 4348 	 1998 	 2017
Time prediction:	1991	 2017
7662 8 7803 	 1859 	 1861
Time prediction:	1860	 1868
1160 6 3823 	 1899 	 1901
Time prediction:	1984	 2017
1185 2 4456 	 2002 	 2017
Time prediction:	1999	 2003
3863 6 7428 	 1984 	 2017
Time prediction:	1994	 2017
801 4 1703 	 2001 	 2017
Time prediction:	1938	 2017
2097 4 107 	 1926 	 1968
Time prediction:	1959	 2017
6084 4 2304 	 1956 	 1964
Time prediction:	1969	 2017
7565 8 7697 	 1916 	 2017
Time prediction:	1913	 2017
113 2 4452 	 2013 	 2017
Time prediction:	2008	 2017
1842 6 3848 	 1923 	 2017
Time prediction:	1996	 2017
4862 2 4348 	 1999 	 2017
Time prediction:	1991	 2017
7447 6 4059 	 1950 	 2017
Time prediction:	1900	 1948
5591 3 5177 	 2000 	 2017
Time prediction:	2015	 2017
2037 8 7684 	 1913 	 2017
Time prediction:	1887	 1906
3660 8 7657 	 2016 	 2016
Time prediction:	1861	 1865
7598 8 7659 	 1974 	 1982
Time prediction:	2000	 2017
5578 3 5198 	 1978 	 2017
Time prediction:	1987	 2017
973 8 7730 	 2002 	 2017
Time prediction:	1872	 1887
2474 8 7723 	 1918 	 1918
Time prediction:	2011	 2017
1293 4 6142 	 1910 	 2017
Time prediction:	1978	 1998
254 4 6220 	 1963 	 2017
Time prediction:	1938	 2017
2655 4 3216 	 1984 	 2017
Time prediction:	2008	 2012
4745 2 4615 	 2001 	 2002
Time prediction:	2006	 2009
583 8 7736 	 1916 	 1917
Time prediction:	1872	 1872
5329 3 5208 	 2009 	 2014
Time prediction:	1997	 2017
4576 2 4291 	 2004 	 2017
Time prediction:	2006	 2017
980 2 5118 	 2009 	 2011
Time prediction:	2008	 2011
4393 2 4357 	 2015 	 2017
Time prediction:	2004	 2006
3310 4 3650 	 2003 	 2017
Time prediction:	1922	 1973
1948 4 3661 	 2002 	 2017
Time prediction:	2008	 2012
941 8 7721 	 1987 	 2017
Time prediction:	2001	 2017
1992 8 7672 	 1946 	 1974
Time prediction:	1920	 1933
1376 8 7672 	 1947 	 1976
Time prediction:	2011	 2011
126 6 7479 	 1964 	 2017
Time prediction:	1985	 1989
3599 3 5172 	 2000 	 2017
Time prediction:	1986	 2017
3563 4 3017 	 1931 	 1937
Time prediction:	2008	 2012
2859 2 4951 	 2009 	 2010
Time prediction:	2009	 2017
3684 8 7694 	 1989 	 2000
Time prediction:	1872	 1910
4395 2 4728 	 2009 	 2010
Time prediction:	2008	 2017
3699 6 3848 	 1953 	 2017
Time prediction:	1996	 2017
7494 8 7699 	 1977 	 1989
Time prediction:	1861	 1865
3396 2 4452 	 2010 	 2017
Time prediction:	2016	 2017
4318 2 5096 	 2014 	 2017
Time prediction:	2008	 2010
27 6 3957 	 1894 	 1903
Time prediction:	1900	 1948
5556 3 5249 	 1938 	 2017
Time prediction:	1893	 2017
90 2 4538 	 2005 	 2012
Time prediction:	2002	 2004
2811 4 3640 	 2000 	 2017
Time prediction:	2008	 2012
3253 3 5256 	 1967 	 2017
Time prediction:	1984	 2017
7567 8 7663 	 1828 	 2017
Time prediction:	2013	 2017
5222 3 5339 	 1981 	 2017
Time prediction:	1967	 2017
2303 4 3225 	 1985 	 1989
Time prediction:	1978	 1998
4280 2 4445 	 1994 	 1995
Time prediction:	1996	 1998
293 3 5169 	 2002 	 2017
Time prediction:	1995	 2017
1502 6 7454 	 1966 	 1967
Time prediction:	2012	 2017
1687 4 44 	 2012 	 2017
Time prediction:	1174	 2017
693 2 4757 	 2003 	 2017
Time prediction:	1996	 2000
600 8 7683 	 2007 	 2017
Time prediction:	2013	 2017
2567 8 7659 	 1996 	 1997
Time prediction:	2000	 2017
1171 4 2524 	 1999 	 2016
Time prediction:	1978	 1998
3812 1 3937 	 1961 	 2017
Time prediction:	2011	 2017
3396 2 4601 	 2011 	 2017
Time prediction:	2016	 2017
318 4 1212 	 2002 	 2017
Time prediction:	1938	 2017
3519 4 1100 	 2011 	 2017
Time prediction:	1942	 1993
4887 2 4283 	 2006 	 2007
Time prediction:	2013	 2014
946 6 3831 	 1958 	 2017
Time prediction:	1993	 2017
66 4 767 	 2000 	 2005
Time prediction:	1977	 2017
2673 2 4407 	 2009 	 2017
Time prediction:	2003	 2017
6041 4 1774 	 1958 	 2000
Time prediction:	1959	 2017
3594 8 7664 	 1945 	 2017
Time prediction:	1861	 2017
3571 3 5172 	 2007 	 2017
Time prediction:	1986	 2017
921 8 7665 	 1975 	 2017
Time prediction:	2009	 2017
3396 2 4407 	 2013 	 2017
Time prediction:	2016	 2017
857 4 3161 	 2005 	 2017
Time prediction:	1938	 2017
7568 8 7653 	 1843 	 1865
Time prediction:	2014	 2017
4444 2 4240 	 2008 	 2011
Time prediction:	2003	 2017
3039 2 4754 	 2012 	 2017
Time prediction:	1999	 2001
3053 4 3636 	 1934 	 1974
Time prediction:	1922	 1973
2032 6 4033 	 1984 	 2017
Time prediction:	1900	 1948
2335 1 3858 	 1960 	 2017
Time prediction:	2011	 2017
1085 2 5034 	 1986 	 1987
Time prediction:	1996	 2002
4516 2 4283 	 1997 	 2002
Time prediction:	2013	 2014
1666 6 4140 	 1963 	 2017
Time prediction:	1900	 1948
2830 4 6063 	 1916 	 1918
Time prediction:	1969	 2017
3349 8 7749 	 1990 	 2004
Time prediction:	1872	 1872
5608 3 5365 	 2008 	 2017
Time prediction:	2011	 2017
3224 2 4262 	 2017 	 2017
Time prediction:	2008	 2009
3116 4 1637 	 1980 	 2017
Time prediction:	1978	 1998
4019 1 4020 	 1995 	 2016
Time prediction:	2011	 2017
1211 7 79 	 1970 	 1970
Time prediction:	1936	 1937
4829 2 4639 	 2001 	 2002
Time prediction:	1999	 2017
2028 4 2149 	 1958 	 1965
Time prediction:	1938	 2017
7508 8 7677 	 1917 	 2017
Time prediction:	1931	 2017
699 3 5172 	 1980 	 2017
Time prediction:	1986	 2017
3171 3 5406 	 1990 	 2017
Time prediction:	2006	 2017
4077 1 3858 	 2001 	 2017
Time prediction:	2007	 2017
2796 6 3828 	 1945 	 2017
Time prediction:	1946	 1976
4046 6 3967 	 1982 	 1985
Time prediction:	1900	 1948
291 2 4774 	 2006 	 2007
Time prediction:	2002	 2011
3244 6 3813 	 1972 	 2017
Time prediction:	1993	 2017
4332 2 4601 	 2010 	 2013
Time prediction:	2010	 2017
4704 2 4717 	 2008 	 2009
Time prediction:	2008	 2009
4949 2 4358 	 2014 	 2015
Time prediction:	1992	 1993
2189 2 4924 	 2014 	 2015
Time prediction:	2008	 2017
4457 2 5150 	 2013 	 2017
Time prediction:	2015	 2016
5630 3 5377 	 1975 	 2017
Time prediction:	1908	 2017
5203 3 5384 	 1962 	 2017
Time prediction:	1968	 2017
2986 4 2198 	 1962 	 1985
Time prediction:	1988	 1992
3456 6 3870 	 1853 	 2017
Time prediction:	1985	 1989
2493 2 4614 	 2013 	 2017
Time prediction:	2005	 2006
2860 2 4358 	 1996 	 1998
Time prediction:	2007	 2017
5500 3 5252 	 1981 	 2017
Time prediction:	1968	 1972
2321 2 4924 	 2013 	 2014
Time prediction:	2009	 2017
5605 6 3831 	 1932 	 2017
Time prediction:	1993	 2017
5452 3 5160 	 2012 	 2017
Time prediction:	1955	 2017
3703 4 1508 	 1978 	 2017
Time prediction:	1938	 2017
2093 8 7813 	 1988 	 2013
Time prediction:	1985	 2017
516 7 79 	 2015 	 2015
Time prediction:	1936	 1937
2778 3 5307 	 1975 	 2017
Time prediction:	1987	 2017
450 2 4627 	 1994 	 1997
Time prediction:	1987	 2017
3311 3 5177 	 1977 	 2017
Time prediction:	2015	 2017
3774 8 7656 	 1991 	 1996
Time prediction:	2011	 2017
5877 3 5209 	 1945 	 2017
Time prediction:	1923	 2017
3212 2 4489 	 1998 	 2000
Time prediction:	2013	 2017
1251 3 5365 	 1989 	 2017
Time prediction:	1988	 2017
5383 3 5179 	 1967 	 2017
Time prediction:	2016	 2017
3321 6 3845 	 1957 	 2017
Time prediction:	1994	 2017
1790 4 1604 	 1937 	 2017
Time prediction:	1978	 1998
5906 3 5479 	 1921 	 2017
Time prediction:	1978	 2017
5267 3 5721 	 1959 	 2017
Time prediction:	1969	 2017
2662 2 4726 	 1993 	 2000
Time prediction:	2006	 2008
1573 8 7685 	 1986 	 2009
Time prediction:	1995	 1999
5510 3 5172 	 2003 	 2017
Time prediction:	1986	 2017
987 4 1755 	 1972 	 1986
Time prediction:	1969	 2017
986 4 3597 	 1997 	 2000
Time prediction:	1174	 2017
2531 4 3477 	 1962 	 2017
Time prediction:	2008	 2012
5880 3 5179 	 1977 	 2017
Time prediction:	2016	 2017
1893 4 3214 	 1997 	 2000
Time prediction:	1969	 2017
3400 3 5195 	 1942 	 2017
Time prediction:	1939	 2017
4788 2 4769 	 1985 	 2017
Time prediction:	2013	 2014
5080 2 4487 	 1998 	 2003
Time prediction:	2004	 2005
6025 8 7734 	 1913 	 1916
Time prediction:	1916	 2017
7458 6 7435 	 1920 	 2017
Time prediction:	1994	 2017
4809 2 4240 	 2005 	 2007
Time prediction:	2003	 2017
704 8 7688 	 2005 	 2017
Time prediction:	1984	 2009
1746 6 3828 	 1943 	 2017
Time prediction:	1985	 1989
980 2 4357 	 2013 	 2017
Time prediction:	2008	 2011
5257 3 5168 	 2013 	 2017
Time prediction:	2001	 2017
2052 8 7677 	 1917 	 2017
Time prediction:	1931	 2017
2006 4 2166 	 2007 	 2017
Time prediction:	1977	 2017
3521 3 5172 	 1979 	 2017
Time prediction:	1986	 2017
7440 6 3813 	 1925 	 2017
Time prediction:	1993	 2017
6082 4 6081 	 1939 	 1997
Time prediction:	1988	 2007
1978 4 6191 	 1947 	 1993
Time prediction:	2008	 2012
7716 8 7813 	 1988 	 2017
Time prediction:	1929	 2017
7574 8 7654 	 1905 	 1912
Time prediction:	1866	 1866
1315 8 7653 	 1996 	 2008
Time prediction:	1855	 1865
835 3 5377 	 1931 	 2017
Time prediction:	1908	 2017
576 4 1839 	 1973 	 1983
Time prediction:	1938	 2017
3685 4 766 	 1999 	 2017
Time prediction:	1910	 2017
3936 6 4186 	 1977 	 2017
Time prediction:	1900	 1948
5451 3 5184 	 1920 	 2017
Time prediction:	1946	 2017
4502 2 4532 	 2006 	 2017
Time prediction:	2010	 2014
2610 3 5365 	 1997 	 2017
Time prediction:	1989	 2017
5291 3 5191 	 1892 	 2017
Time prediction:	1914	 2017
3275 2 4685 	 2004 	 2017
Time prediction:	2009	 2010
1323 2 4487 	 2001 	 2006
Time prediction:	2004	 2005
1242 2 4639 	 2004 	 2017
Time prediction:	1999	 2017
7488 8 7653 	 1828 	 1848
Time prediction:	2001	 2017
7545 8 7653 	 1903 	 1922
Time prediction:	2001	 2003
3120 3 5315 	 2007 	 2017
Time prediction:	1986	 2017
1810 8 7654 	 1996 	 2004
Time prediction:	1965	 2009
25 4 731 	 2000 	 2017
Time prediction:	1988	 2015
846 2 4439 	 2004 	 2005
Time prediction:	2000	 2005
2431 2 4285 	 2012 	 2013
Time prediction:	2004	 2010
5401 3 5465 	 1951 	 2017
Time prediction:	1973	 2017
1656 4 1814 	 1988 	 2015
Time prediction:	2008	 2012
2465 4 2484 	 1987 	 2017
Time prediction:	1955	 2017
4326 2 4773 	 2014 	 2015
Time prediction:	2007	 2017
4415 2 5120 	 2006 	 2017
Time prediction:	2013	 2011
7480 6 7474 	 1952 	 2017
Time prediction:	1994	 2017
5495 3 5177 	 2015 	 2017
Time prediction:	2015	 2017
5419 3 5271 	 1996 	 2009
Time prediction:	1993	 2017
6011 7 79 	 2001 	 2001
Time prediction:	1936	 1937
7488 8 7680 	 1848 	 1854
Time prediction:	1872	 2017
907 4 1148 	 1997 	 2017
Time prediction:	1929	 1929
1507 4 1987 	 1934 	 1935
Time prediction:	2008	 2012
1228 8 7720 	 1989 	 2017
Time prediction:	1857	 1870
1751 4 2919 	 1962 	 1970
Time prediction:	2008	 2012
1497 3 5523 	 1982 	 2017
Time prediction:	1979	 2017
2384 6 7461 	 1957 	 2017
Time prediction:	1900	 1948
2458 2 4339 	 2008 	 2017
Time prediction:	2005	 2017
5957 3 5256 	 1985 	 2017
Time prediction:	1970	 2017
7550 8 7790 	 1924 	 2017
Time prediction:	1971	 1994
2738 8 7659 	 2001 	 2017
Time prediction:	2000	 2017
6226 4 374 	 1931 	 1967
Time prediction:	1997	 2017
1859 3 5356 	 2011 	 2017
Time prediction:	2007	 2017
1105 7 79 	 2001 	 2001
Time prediction:	1936	 1937
5938 3 5567 	 2010 	 2017
Time prediction:	1990	 2017
2177 2 4476 	 1996 	 2017
Time prediction:	2003	 2017
4732 2 4489 	 2009 	 2010
Time prediction:	2013	 2017
130 2 4240 	 2003 	 2006
Time prediction:	2003	 2017
5962 6 3848 	 1981 	 2017
Time prediction:	1996	 2017
2529 4 6240 	 1980 	 1987
Time prediction:	1992	 2017
3114 3 5330 	 1999 	 2017
Time prediction:	1998	 2017
4053 6 3848 	 1994 	 2017
Time prediction:	1996	 2017
72 3 5542 	 2013 	 2017
Time prediction:	1975	 2017
1954 4 312 	 1984 	 2010
Time prediction:	1938	 2017
3091 2 4388 	 2010 	 2012
Time prediction:	2006	 2017
1391 3 5220 	 1975 	 2017
Time prediction:	1935	 2017
2673 2 4270 	 2005 	 2006
Time prediction:	2003	 2017
5496 3 5619 	 2006 	 2017
Time prediction:	2003	 2017
5262 3 5173 	 1996 	 2017
Time prediction:	1964	 2017
4235 2 4236 	 2002 	 2003
Time prediction:	2005	 2017
68 4 1123 	 1929 	 1975
Time prediction:	1969	 2017
1059 2 4803 	 2010 	 2017
Time prediction:	2015	 2017
385 6 4111 	 1954 	 2017
Time prediction:	1994	 2017
3589 3 5367 	 1973 	 2017
Time prediction:	1988	 2017
3529 4 2748 	 2012 	 2017
Time prediction:	1978	 1998
4395 2 4684 	 2014 	 2017
Time prediction:	2004	 2005
3374 2 4476 	 2007 	 2008
Time prediction:	2003	 2017
2172 3 5802 	 1995 	 2017
Time prediction:	1995	 2017
5661 3 5271 	 2011 	 2017
Time prediction:	1993	 2017
690 8 7724 	 1945 	 1946
Time prediction:	1980	 2017
2475 3 5172 	 1965 	 2017
Time prediction:	1986	 2017
1758 2 4270 	 2013 	 2017
Time prediction:	2009	 2016
4297 2 4532 	 2003 	 2004
Time prediction:	2010	 2014
7426 6 4084 	 1952 	 2017
Time prediction:	1900	 1948
4892 2 4831 	 2013 	 2015
Time prediction:	2007	 2017
3905 1 4005 	 1912 	 1914
Time prediction:	2011	 2017
3393 1 3993 	 1967 	 2017
Time prediction:	2007	 2017
5537 6 4232 	 1963 	 2017
Time prediction:	1994	 2017
1099 7 79 	 2015 	 2015
Time prediction:	1936	 1937
7631 8 7672 	 1963 	 2017
Time prediction:	1868	 1886
5476 3 5477 	 1971 	 2017
Time prediction:	1966	 2017
4514 2 4291 	 2004 	 2017
Time prediction:	2006	 2017
4812 2 4532 	 2007 	 2009
Time prediction:	2010	 2014
1728 6 3848 	 1844 	 2017
Time prediction:	1996	 2017
1681 4 303 	 2015 	 2017
Time prediction:	2001	 2007
6313 4 3126 	 1950 	 1960
Time prediction:	2008	 2012
699 3 5365 	 1981 	 2017
Time prediction:	1988	 2017
156 2 4452 	 2005 	 2009
Time prediction:	2008	 2017
2435 8 7698 	 2001 	 2017
Time prediction:	2014	 2014
4139 1 3870 	 1950 	 2017
Time prediction:	2011	 2017
4752 2 5065 	 2015 	 2017
Time prediction:	2006	 2010
1294 1 4028 	 1993 	 2017
Time prediction:	2011	 2017
3589 3 5227 	 1991 	 2017
Time prediction:	1988	 2017
7649 8 7736 	 1917 	 2017
Time prediction:	2008	 2010
6257 7 79 	 1975 	 1975
Time prediction:	1936	 1937
4862 2 4491 	 2001 	 2006
Time prediction:	2009	 2017
1452 7 79 	 1976 	 1976
Time prediction:	1936	 1937
4523 2 5115 	 2010 	 2012
Time prediction:	2011	 2012
1049 8 7654 	 1988 	 1996
Time prediction:	1991	 2011
576 4 355 	 1999 	 2017
Time prediction:	1938	 2017
563 8 7677 	 1921 	 2017
Time prediction:	1931	 2017
3209 6 3973 	 1958 	 2017
Time prediction:	1946	 1976
2509 8 7661 	 1990 	 2017
Time prediction:	1866	 1875
2527 4 2436 	 1906 	 1977
Time prediction:	1959	 2017
219 2 4283 	 2005 	 2017
Time prediction:	2013	 2014
5411 3 5261 	 2013 	 2017
Time prediction:	1893	 2017
3397 3 5281 	 1974 	 2017
Time prediction:	2003	 2017
5821 3 5227 	 2008 	 2017
Time prediction:	1994	 2017
5776 3 5315 	 2000 	 2017
Time prediction:	1994	 2017
2589 3 5187 	 1966 	 2017
Time prediction:	1974	 2017
4385 2 4481 	 2008 	 2017
Time prediction:	2000	 2002
7744 8 7674 	 1839 	 1854
Time prediction:	2001	 2003
3039 2 4757 	 2000 	 2017
Time prediction:	1999	 2001
1574 8 7653 	 1981 	 2017
Time prediction:	1848	 1887
1647 8 7656 	 1981 	 2017
Time prediction:	2008	 2010
2617 4 3246 	 1980 	 2017
Time prediction:	1978	 1998
689 3 5246 	 1973 	 2017
Time prediction:	2005	 2017
5828 3 5163 	 1977 	 1988
Time prediction:	2010	 2017
1048 3 5475 	 2000 	 2017
Time prediction:	1994	 2017
5192 3 5268 	 2009 	 2017
Time prediction:	1982	 2017
3786 8 7706 	 1994 	 2015
Time prediction:	1931	 2017
682 2 4472 	 1983 	 2017
Time prediction:	2010	 2017
4395 2 4593 	 2007 	 2017
Time prediction:	2004	 2005
1721 3 5497 	 2014 	 2017
Time prediction:	1994	 2017
4316 2 4439 	 2009 	 2010
Time prediction:	2006	 2008
1924 1 3954 	 1997 	 2017
Time prediction:	2007	 2017
2172 3 5457 	 1995 	 2017
Time prediction:	2010	 2017
4488 2 4489 	 1996 	 1998
Time prediction:	2013	 2017
2321 2 4469 	 2009 	 2017
Time prediction:	2009	 2017
146 4 1036 	 1941 	 1961
Time prediction:	1938	 2017
1649 4 3618 	 2007 	 2017
Time prediction:	2008	 2012
6050 4 2750 	 1944 	 1958
Time prediction:	1969	 2017
6024 4 6025 	 1903 	 2017
Time prediction:	2007	 2009
3599 3 5249 	 2011 	 2017
Time prediction:	1893	 2017
6307 4 3719 	 1944 	 1952
Time prediction:	1978	 1998
5750 4 5514 	 1991 	 2017
Time prediction:	2008	 2012
4794 2 4941 	 2011 	 2012
Time prediction:	2003	 2017
5323 3 5390 	 2001 	 2010
Time prediction:	2013	 2017
3400 3 5340 	 1954 	 2017
Time prediction:	1935	 2017
3562 5 6505 	 1967 	 1983
Time prediction:	2010	 2015
4836 2 4382 	 2011 	 2017
Time prediction:	2005	 2011
1588 6 4140 	 2005 	 2017
Time prediction:	1900	 1948
1758 2 4994 	 2010 	 2017
Time prediction:	2009	 2016
3557 2 4811 	 2003 	 2004
Time prediction:	2006	 2008
4507 2 4416 	 2002 	 2017
Time prediction:	2013	 2017
7500 8 7653 	 1955 	 1965
Time prediction:	1984	 1994
4587 2 4238 	 1993 	 2017
Time prediction:	1993	 2003
753 3 5315 	 2001 	 2017
Time prediction:	1986	 2017
5878 3 5296 	 2013 	 2017
Time prediction:	2006	 2017
4529 2 4639 	 2004 	 2006
Time prediction:	1999	 2017
5226 3 5209 	 1967 	 2017
Time prediction:	1998	 2017
1552 6 3848 	 1950 	 2017
Time prediction:	1996	 2017
5487 3 5523 	 1969 	 2017
Time prediction:	1941	 2017
5708 3 5709 	 1965 	 2017
Time prediction:	1960	 2017
2872 4 1706 	 1974 	 1976
Time prediction:	1932	 1932
817 2 4769 	 1993 	 1994
Time prediction:	2013	 2014
6063 7 79 	 1984 	 1984
Time prediction:	1936	 1937
1343 2 4522 	 2014 	 2015
Time prediction:	2004	 2005
2099 4 702 	 1998 	 2017
Time prediction:	1969	 2017
1430 4 1730 	 1901 	 2017
Time prediction:	1938	 2017
2400 2 4283 	 2008 	 2010
Time prediction:	2013	 2014
4326 2 4621 	 2007 	 2008
Time prediction:	2001	 2002
4359 2 4763 	 2004 	 2017
Time prediction:	1993	 2017
4617 2 4273 	 1981 	 1986
Time prediction:	1992	 1996
4851 2 4489 	 2006 	 2004
Time prediction:	2005	 2007
7578 8 7790 	 1924 	 2017
Time prediction:	2001	 2011
2422 4 750 	 1997 	 2007
Time prediction:	1959	 2017
2493 2 4508 	 2007 	 2017
Time prediction:	2000	 2017
2423 3 5172 	 1999 	 2017
Time prediction:	1986	 2017
7714 8 7655 	 1950 	 2017
Time prediction:	1872	 2017
895 3 5239 	 2004 	 2017
Time prediction:	1995	 2017
1675 2 4491 	 1995 	 1997
Time prediction:	2009	 2017
5582 3 5583 	 1946 	 2017
Time prediction:	2011	 2017
3396 2 4762 	 2012 	 2017
Time prediction:	2016	 2017
3054 4 1191 	 2007 	 2017
Time prediction:	1969	 2017
4600 2 4284 	 2002 	 2017
Time prediction:	2001	 2017
1388 3 5336 	 1973 	 2017
Time prediction:	1987	 2017
4505 2 4618 	 2012 	 2017
Time prediction:	1999	 2017
6259 4 1288 	 1968 	 1984
Time prediction:	1988	 2015
503 2 4663 	 2006 	 2008
Time prediction:	2005	 2007
4383 2 4240 	 1995 	 1998
Time prediction:	2003	 2017
2925 4 2245 	 2006 	 2009
Time prediction:	1959	 2017
4809 2 4757 	 2001 	 2002
Time prediction:	2007	 2017
2082 4 1456 	 1984 	 2002
Time prediction:	1946	 1961
1179 3 5520 	 2002 	 2017
Time prediction:	1989	 2017
4260 2 5056 	 1988 	 1991
Time prediction:	2003	 2017
5742 6 3848 	 1940 	 2017
Time prediction:	1996	 2017
2064 3 5198 	 1971 	 2017
Time prediction:	1987	 2017
5925 3 5457 	 1994 	 2017
Time prediction:	2010	 2017
2610 3 5325 	 1996 	 2017
Time prediction:	1989	 2017
1085 2 4513 	 1995 	 1997
Time prediction:	1996	 2002
7608 8 7674 	 1836 	 2017
Time prediction:	1971	 1994
2973 3 5307 	 1977 	 2017
Time prediction:	1987	 2017
4594 2 4323 	 1993 	 2017
Time prediction:	2005	 2017
2528 2 4448 	 2002 	 2003
Time prediction:	2006	 2007
3900 3 5248 	 1970 	 2017
Time prediction:	1960	 2017
5192 3 5803 	 2001 	 2017
Time prediction:	1982	 2017
5722 3 5198 	 1958 	 2017
Time prediction:	1987	 2017
7831 8 7703 	 2002 	 2007
Time prediction:	2002	 2007
476 4 382 	 2007 	 2017
Time prediction:	1938	 2017
7611 8 7656 	 1993 	 2002
Time prediction:	2001	 2003
150 4 1068 	 1987 	 2017
Time prediction:	1969	 2017
7623 8 7736 	 1916 	 2017
Time prediction:	1917	 2017
7504 8 7677 	 1924 	 1932
Time prediction:	1931	 2017
4780 2 4291 	 2009 	 2017
Time prediction:	2006	 2017
3090 2 4309 	 2006 	 2007
Time prediction:	1992	 2017
4578 2 4508 	 2005 	 2006
Time prediction:	2007	 2017
732 3 5494 	 1959 	 2017
Time prediction:	1918	 2017
3172 4 5975 	 1961 	 1965
Time prediction:	1969	 2017
1735 2 4598 	 2006 	 2007
Time prediction:	2016	 2017
5346 3 5177 	 1997 	 2017
Time prediction:	2015	 2017
5585 3 5196 	 1938 	 2017
Time prediction:	1950	 2017
3577 6 3870 	 1885 	 2017
Time prediction:	1900	 1948
4857 2 4642 	 2001 	 2002
Time prediction:	2005	 2008
4724 2 4309 	 2009 	 2017
Time prediction:	2002	 2003
3905 3 5377 	 1925 	 2017
Time prediction:	1908	 2017
7700 8 7701 	 1981 	 1990
Time prediction:	1991	 2017
4127 6 4005 	 2013 	 2017
Time prediction:	1900	 1948
5213 3 5179 	 2007 	 2017
Time prediction:	2016	 2017
5412 3 5160 	 2009 	 2017
Time prediction:	1955	 2017
6047 4 2477 	 1969 	 1975
Time prediction:	2015	 2017
4704 2 4283 	 1996 	 2005
Time prediction:	2013	 2014
2045 4 931 	 1980 	 1999
Time prediction:	1929	 1929
5047 2 5123 	 2000 	 2017
Time prediction:	2001	 2017
7526 8 7663 	 1815 	 2017
Time prediction:	1984	 2017
2676 6 7445 	 1992 	 2017
Time prediction:	1964	 2017
4393 2 4702 	 2005 	 2017
Time prediction:	2004	 2006
2673 2 4387 	 2008 	 2009
Time prediction:	2003	 2017
1758 2 4639 	 2007 	 2008
Time prediction:	1999	 2017
1137 3 5377 	 1929 	 2017
Time prediction:	1908	 2017
2789 3 5289 	 1980 	 2017
Time prediction:	1962	 2017
1909 8 7659 	 1984 	 2017
Time prediction:	2000	 2017
1679 2 4728 	 2008 	 2017
Time prediction:	2008	 2017
3564 6 3924 	 1935 	 2017
Time prediction:	1900	 1948
3397 3 5209 	 1984 	 2017
Time prediction:	1923	 2017
5298 3 5198 	 1830 	 2017
Time prediction:	1987	 2017
5086 2 4915 	 1996 	 2017
Time prediction:	2009	 2010
4679 2 4542 	 2010 	 2017
Time prediction:	2013	 2017
1655 3 5163 	 1991 	 2017
Time prediction:	2010	 2017
7583 8 7674 	 1833 	 1852
Time prediction:	1973	 1982
1280 3 5800 	 2000 	 2017
Time prediction:	2001	 2017
1129 4 1865 	 1966 	 1990
Time prediction:	1954	 1992
1990 3 5212 	 2013 	 2017
Time prediction:	2014	 2017
1691 6 3884 	 1939 	 2017
Time prediction:	1985	 1989
4675 2 4683 	 2014 	 2015
Time prediction:	2003	 2017
3224 2 4283 	 2006 	 2008
Time prediction:	2013	 2014
6174 4 2367 	 1929 	 2017
Time prediction:	1938	 2017
0 4 2705 	 1966 	 1980
Time prediction:	1992	 2017
1869 8 7788 	 1988 	 1994
Time prediction:	2003	 2011
4716 2 4962 	 2003 	 2004
Time prediction:	2002	 2003
611 8 7653 	 1992 	 2017
Time prediction:	2001	 2003
4675 2 4330 	 2010 	 2014
Time prediction:	2003	 2017
434 4 3705 	 1988 	 2017
Time prediction:	1969	 2017
3311 3 5198 	 1953 	 2017
Time prediction:	1987	 2017
1721 3 5468 	 2005 	 2017
Time prediction:	1994	 2017
5282 6 4189 	 1949 	 2017
Time prediction:	1985	 1989
1216 6 7463 	 1964 	 1967
Time prediction:	1985	 1989
3309 6 3924 	 1937 	 2017
Time prediction:	1946	 1976
5337 3 5820 	 2012 	 2017
Time prediction:	2011	 2017
3905 3 5177 	 1921 	 2017
Time prediction:	2015	 2017
5700 3 5560 	 2011 	 2017
Time prediction:	2011	 2017
2801 4 6233 	 1934 	 1941
Time prediction:	1969	 2017
592 3 5179 	 1940 	 2017
Time prediction:	2016	 2017
7702 8 7654 	 2009 	 2017
Time prediction:	2007	 2017
2961 8 7654 	 2006 	 2017
Time prediction:	1984	 2017
2718 4 1981 	 2000 	 2009
Time prediction:	1929	 1929
1046 4 1847 	 1973 	 1994
Time prediction:	2008	 2012
5276 3 5166 	 1967 	 2017
Time prediction:	1994	 2017
2412 8 7653 	 1872 	 2017
Time prediction:	2001	 2017
2991 2 4769 	 2005 	 2006
Time prediction:	2013	 2014
1507 7 79 	 1937 	 1937
Time prediction:	1936	 1937
4622 2 4342 	 2008 	 2017
Time prediction:	2009	 2010
2321 2 4331 	 1993 	 2000
Time prediction:	2009	 2017
846 2 4253 	 1999 	 2002
Time prediction:	2000	 2005
1510 8 7677 	 1917 	 2017
Time prediction:	1931	 2017
5797 3 5198 	 1854 	 2017
Time prediction:	1987	 2017
2160 4 1063 	 1987 	 2003
Time prediction:	1938	 2017
1244 6 4160 	 1971 	 2017
Time prediction:	1994	 2017
2017 2 4489 	 2001 	 2003
Time prediction:	2013	 2017
4395 2 4481 	 2008 	 2009
Time prediction:	2004	 2005
4500 2 4793 	 2009 	 2017
Time prediction:	2013	 2014
5449 3 5256 	 2016 	 2017
Time prediction:	1970	 2017
1827 2 4915 	 2000 	 2017
Time prediction:	2009	 2010
3291 4 3570 	 1961 	 2017
Time prediction:	1174	 1185
790 8 7654 	 2014 	 2017
Time prediction:	2001	 2011
4666 2 4530 	 1992 	 1993
Time prediction:	2007	 2008
1489 3 5232 	 1986 	 2017
Time prediction:	1945	 2017
48 4 2504 	 1925 	 1945
Time prediction:	1968	 2017
3763 4 3128 	 1950 	 2017
Time prediction:	1938	 2017
2160 7 79 	 2008 	 2008
Time prediction:	1936	 1937
1154 4 6274 	 1950 	 2006
Time prediction:	1962	 1969
5659 3 5339 	 2010 	 2017
Time prediction:	1967	 2017
276 3 5177 	 1962 	 2017
Time prediction:	2015	 2017
1506 4 900 	 1957 	 1993
Time prediction:	1977	 2017
5539 3 5468 	 1991 	 2017
Time prediction:	2012	 2017
1059 2 5020 	 2004 	 2005
Time prediction:	2015	 2017
7589 8 7721 	 1971 	 1987
Time prediction:	1854	 1869
7666 8 7795 	 1928 	 1936
Time prediction:	1999	 2005
693 2 4306 	 2016 	 2017
Time prediction:	1996	 2000
6056 4 2470 	 1946 	 1979
Time prediction:	2007	 2009
5522 3 5852 	 2005 	 2017
Time prediction:	1976	 2017
4391 2 4458 	 2007 	 2010
Time prediction:	2007	 2017
4890 2 4240 	 2010 	 2012
Time prediction:	2003	 2017
4809 2 4323 	 2003 	 2017
Time prediction:	2005	 2017
5240 3 5241 	 2007 	 2017
Time prediction:	2014	 2017
856 4 1513 	 1974 	 1981
Time prediction:	1978	 1998
4393 2 4384 	 2003 	 2017
Time prediction:	2004	 2006
3633 8 7654 	 2016 	 2017
Time prediction:	1981	 1983
4326 2 4327 	 2006 	 2017
Time prediction:	2007	 2017
5422 3 5179 	 1900 	 2017
Time prediction:	2016	 2017
6534 9 7990 	 2014 	 2015
Time prediction:	2016	 2017
1898 6 7427 	 1892 	 2017
Time prediction:	1985	 1989
2532 8 7739 	 1990 	 1993
Time prediction:	1979	 1992
2431 2 4484 	 2011 	 2017
Time prediction:	2004	 2010
7819 8 7743 	 1990 	 2017
Time prediction:	1991	 2017
962 4 3582 	 1987 	 2017
Time prediction:	1978	 1998
890 3 5198 	 1904 	 2017
Time prediction:	1987	 2017
2389 8 7653 	 1989 	 2017
Time prediction:	1984	 2017
3212 2 4348 	 1995 	 1996
Time prediction:	1991	 2017
2418 8 7653 	 1828 	 1844
Time prediction:	2014	 2017
5597 3 5602 	 1999 	 2017
Time prediction:	2011	 2017
5615 3 5179 	 1961 	 2017
Time prediction:	2016	 2017
3527 2 4407 	 1998 	 2017
Time prediction:	2003	 2017
2172 3 5163 	 1995 	 2017
Time prediction:	2010	 2017
5422 3 5241 	 1899 	 2017
Time prediction:	1880	 2017
5726 3 5179 	 1929 	 2017
Time prediction:	2016	 2017
6108 4 3412 	 1985 	 1994
Time prediction:	1977	 2017
4998 2 4339 	 2014 	 2017
Time prediction:	2005	 2017
2722 7 79 	 1971 	 1971
Time prediction:	1936	 1937
5717 3 5336 	 2009 	 2017
Time prediction:	1987	 2017
2189 2 4991 	 2015 	 2016
Time prediction:	2008	 2017
5454 3 5177 	 2014 	 2017
Time prediction:	2015	 2017
737 3 5249 	 1965 	 2017
Time prediction:	1893	 2017
6281 4 1167 	 1950 	 1962
Time prediction:	1940	 1965
1735 2 5046 	 2003 	 2017
Time prediction:	2016	 2017
1390 3 5764 	 2003 	 2017
Time prediction:	1985	 2017
6089 4 1362 	 1963 	 1967
Time prediction:	1940	 1965
7584 8 7697 	 1916 	 2017
Time prediction:	1913	 2017
1975 4 6210 	 1968 	 2017
Time prediction:	2008	 2012
5506 3 5377 	 2008 	 2017
Time prediction:	1908	 2017
6113 4 3430 	 1955 	 1974
Time prediction:	1922	 1973
4692 2 4753 	 2012 	 2013
Time prediction:	2009	 2017
5590 3 5365 	 1995 	 2017
Time prediction:	1988	 2017
140 6 7427 	 1888 	 2017
Time prediction:	1985	 1989
5280 3 5395 	 1991 	 2017
Time prediction:	1999	 2017
2060 4 1565 	 1988 	 1999
Time prediction:	2007	 2009
2775 4 6167 	 1990 	 2017
Time prediction:	2007	 2009
503 2 4824 	 2010 	 2011
Time prediction:	2005	 2007
5266 3 5206 	 1996 	 2017
Time prediction:	1940	 2017
1366 6 4084 	 1973 	 2017
Time prediction:	1900	 1948
4960 2 4348 	 1998 	 1999
Time prediction:	2004	 2005
5392 3 5802 	 1977 	 2017
Time prediction:	1991	 2017
3835 6 3967 	 1959 	 1965
Time prediction:	1994	 2017
4106 6 3813 	 1990 	 2017
Time prediction:	1993	 2017
1907 7 79 	 1983 	 1983
Time prediction:	1936	 1937
2607 8 7659 	 2007 	 2017
Time prediction:	2000	 2017
1456 8 7659 	 1980 	 2017
Time prediction:	2000	 2017
4500 2 4593 	 2004 	 2017
Time prediction:	2013	 2014
6224 8 7724 	 1920 	 1946
Time prediction:	2009	 2017
7673 8 7659 	 1854 	 1870
Time prediction:	2000	 2017
4782 2 4236 	 1998 	 1999
Time prediction:	2005	 2017
4775 2 4769 	 2004 	 2017
Time prediction:	2013	 2014
8151 9 8509 	 2011 	 2012
Time prediction:	1994	 1996
1320 4 2154 	 2003 	 2013
Time prediction:	1938	 2017
7581 8 7681 	 1901 	 2017
Time prediction:	1994	 2009
4644 2 4974 	 2011 	 2013
Time prediction:	2013	 2014
5588 3 5395 	 1940 	 2017
Time prediction:	1999	 2017
385 3 5673 	 2002 	 2017
Time prediction:	1967	 2017
5582 3 5184 	 1943 	 2017
Time prediction:	2011	 2017
2442 6 3937 	 1989 	 2017
Time prediction:	1994	 2017
4499 2 4661 	 2001 	 2017
Time prediction:	2013	 2014
3589 3 5249 	 1975 	 2017
Time prediction:	1893	 2017
1172 4 3391 	 1955 	 1962
Time prediction:	2007	 2009
3008 4 2161 	 1990 	 1999
Time prediction:	1959	 2017
2181 3 5550 	 1987 	 2017
Time prediction:	2007	 2017
3408 2 4687 	 1994 	 1997
Time prediction:	1988	 1998
1089 3 5221 	 1994 	 2017
Time prediction:	1978	 2017
5299 3 5177 	 2015 	 2017
Time prediction:	2015	 2017
5352 3 5389 	 1987 	 2017
Time prediction:	2003	 2017
61 3 5746 	 1880 	 2017
Time prediction:	1895	 2017
979 4 1037 	 1980 	 2011
Time prediction:	2007	 2009
356 4 6282 	 1966 	 1967
Time prediction:	1990	 2017
3240 2 4728 	 2014 	 2015
Time prediction:	2008	 2017
4679 2 4693 	 2012 	 2017
Time prediction:	2013	 2017
5823 3 5198 	 1853 	 2017
Time prediction:	1987	 2017
1397 2 4591 	 1993 	 1994
Time prediction:	1988	 1991
5302 3 5179 	 2003 	 2017
Time prediction:	2016	 2017
5726 3 5184 	 1944 	 2017
Time prediction:	1946	 2017
2960 3 5181 	 1996 	 2017
Time prediction:	1970	 2017
2765 3 5172 	 1982 	 2017
Time prediction:	1986	 2017
3922 1 3957 	 1984 	 1989
Time prediction:	2011	 2017
2493 2 4950 	 2008 	 2009
Time prediction:	2005	 2006
7473 6 3822 	 1980 	 2017
Time prediction:	1994	 2017
4396 2 4236 	 1995 	 2017
Time prediction:	2005	 2017
5368 3 5689 	 2003 	 2017
Time prediction:	2005	 2017
5660 3 5162 	 1991 	 2017
Time prediction:	1976	 2017
7865 8 7674 	 1851 	 2017
Time prediction:	2001	 2017
919 4 2326 	 2009 	 2017
Time prediction:	1966	 1999
2019 4 2615 	 2016 	 2017
Time prediction:	1978	 1998
349 8 7694 	 1997 	 2000
Time prediction:	2003	 2017
4704 2 4323 	 2003 	 2017
Time prediction:	2005	 2017
980 2 4756 	 2002 	 2011
Time prediction:	2008	 2011
4367 2 4491 	 1989 	 1993
Time prediction:	2009	 2017
964 4 3413 	 2005 	 2017
Time prediction:	1978	 1998
5570 3 5670 	 2002 	 2017
Time prediction:	1985	 2017
3900 3 5172 	 2000 	 2017
Time prediction:	1986	 2017
1960 3 5651 	 1963 	 2017
Time prediction:	1989	 2017
3706 8 7681 	 1901 	 2017
Time prediction:	1999	 2007
5157 3 5228 	 1977 	 2017
Time prediction:	1999	 2017
2896 6 3845 	 2005 	 2017
Time prediction:	1985	 1989
1359 3 5479 	 1955 	 2017
Time prediction:	1978	 2017
6059 6 7461 	 2010 	 2017
Time prediction:	1994	 2017
